time	FP1	F3	F7	FC3	C3	C5	P3	P7	PO7	PO3	O1	Oz	Pz	CPz	FP2	Fz	F4	F8	FC4	FCz	Cz	C4	C6	P4	P8	PO8	PO4	O2	HEOG_left	HEOG_right
-199.2188	0.4612	-0.1223	-0.2072	0.2075	-0.1167	-0.6596	-0.2323	-1.4529	-0.145	-0.1081	0.0072	0.7135	0.8655	1.9368	1.6891	1.7806	1.9129	1.7499	2.9184	1.9275	2.3946	3.147	3.2477	2.1454	2.4336	2.4223	1.0803	1.6872	2.2853	-0.6758
-195.3125	0.0548	-0.3786	-0.567	-0.066	-0.3393	-0.6767	-0.5873	-1.518	-0.2679	-0.5182	-0.4141	0.3045	0.3388	1.4254	0.9395	1.1854	1.4511	1.4662	2.3588	1.3978	1.8241	2.6528	2.8146	1.6211	1.9643	1.9165	0.6801	1.1769	1.5792	-0.7362
-191.4062	-0.3157	-0.6166	-0.8772	-0.3197	-0.5531	-0.6893	-0.9162	-1.5671	-0.3655	-0.8934	-0.7964	-0.0778	-0.1788	0.914	0.2496	0.6254	0.9926	1.1703	1.8005	0.8866	1.266	2.146	2.3466	1.1111	1.4964	1.4188	0.2946	0.6896	0.9127	-0.7889
-187.5	-0.6195	-0.816	-1.0929	-0.5342	-0.7462	-0.6902	-1.1919	-1.582	-0.4166	-1.1984	-1.1021	-0.4077	-0.6693	0.411	-0.3341	0.1334	0.5466	0.8592	1.2512	0.414	0.7345	1.6254	1.8284	0.6329	1.0343	0.9393	-0.0596	0.2477	0.3191	-0.8214
-183.5938	-0.8369	-0.9637	-1.1916	-0.6986	-0.9076	-0.6723	-1.3906	-1.5451	-0.4057	-1.404	-1.2998	-0.6638	-1.1102	-0.0698	-0.7834	-0.269	0.1238	0.5352	0.7188	-0.0055	0.2427	1.0958	1.2589	0.2009	0.5845	0.4871	-0.3686	-0.1312	-0.1715	-0.8246
-179.6875	-0.9596	-1.0545	-1.1738	-0.8111	-1.0269	-0.6299	-1.4945	-1.441	-0.3253	-1.4899	-1.3692	-0.8313	-1.4752	-0.509	-1.09	-0.5728	-0.2634	0.208	0.2129	-0.3627	-0.1967	0.5692	0.6546	-0.1741	0.1564	0.0707	-0.6226	-0.4362	-0.5357	-0.7934
-175.7812	-0.99	-1.0899	-1.0584	-0.8761	-1.0955	-0.5589	-1.4941	-1.26	-0.1786	-1.4481	-1.3041	-0.9043	-1.7376	-0.8835	-1.2612	-0.7786	-0.5996	-0.1051	-0.2529	-0.6521	-0.5713	0.066	0.0478	-0.4848	-0.2387	-0.3031	-0.8163	-0.6631	-0.7607	-0.7252
-171.875	-0.9365	-1.0731	-0.8722	-0.8991	-1.1073	-0.4578	-1.3898	-1.0009	0.0201	-1.2849	-1.1149	-0.8871	-1.8746	-1.1702	-1.3145	-0.8929	-0.867	-0.3815	-0.6604	-0.8684	-0.8687	-0.3878	-0.5175	-0.7277	-0.5885	-0.6286	-0.9489	-0.8141	-0.8473	-0.6186
-167.9688	-0.8101	-1.005	-0.6397	-0.8819	-1.0584	-0.326	-1.1933	-0.6735	0.2475	-1.0211	-0.8274	-0.7931	-1.8732	-1.3498	-1.2706	-0.923	-1.0474	-0.5969	-0.9872	-1.0047	-1.0765	-0.7631	-0.9936	-0.902	-0.8815	-0.901	-1.0243	-0.8963	-0.8111	-0.4711
-164.0625	-0.6199	-0.8811	-0.3763	-0.8197	-0.9488	-0.165	-0.9267	-0.2991	0.474	-0.6897	-0.4797	-0.6433	-1.7342	-1.4108	-1.1483	-0.8738	-1.1256	-0.7296	-1.2104	-1.0521	-1.184	-1.0337	-1.3374	-1.0097	-1.1084	-1.1164	-1.0501	-0.9197	-0.6788	-0.2797
-160.1562	-0.3721	-0.6927	-0.0863	-0.7016	-0.7824	0.0224	-0.6203	0.0909	0.6689	-0.3323	-0.117	-0.4626	-1.4739	-1.352	-0.9606	-0.7466	-1.0921	-0.7632	-1.3107	-1.0014	-1.1834	-1.1802	-1.518	-1.0546	-1.263	-1.2713	-1.0374	-0.8958	-0.4818	-0.0424
-156.25	-0.0701	-0.4313	0.2332	-0.515	-0.5683	0.2303	-0.3098	0.4588	0.8039	0.0069	0.2155	-0.2765	-1.1233	-1.1836	-0.7128	-0.5408	-0.9464	-0.6902	-1.2772	-0.8465	-1.0727	-1.1946	-1.5235	-1.0425	-1.3425	-1.3627	-0.999	-0.836	-0.2491	0.2396
-152.3438	0.2821	-0.0952	0.5853	-0.2525	-0.3208	0.4492	-0.0306	0.7656	0.8581	0.2865	0.4784	-0.1072	-0.7235	-0.9262	-0.4051	-0.2576	-0.6978	-0.5124	-1.1108	-0.5885	-0.8578	-1.082	-1.3628	-0.9802	-1.3474	-1.3885	-0.9475	-0.7507	-0.0013	0.5586
-148.4375	0.6763	0.3049	0.9664	0.0824	-0.0586	0.6661	0.1864	0.9776	0.8207	0.4744	0.6435	0.0288	-0.3197	-0.6089	-0.0357	0.0959	-0.3656	-0.2414	-0.8255	-0.2393	-0.5538	-0.8601	-1.0644	-0.8754	-1.2807	-1.3484	-0.8931	-0.6491	0.2509	0.9003
-144.5312	1.0973	0.7438	1.3623	0.4717	0.1966	0.8656	0.3198	1.0718	0.6931	0.5518	0.6971	0.1215	0.0455	-0.2659	0.3936	0.5031	0.0229	0.1027	-0.4482	0.1775	-0.1857	-0.5577	-0.6715	-0.7363	-1.1478	-1.2447	-0.8418	-0.5387	0.5052	1.2438
-140.625	1.5213	1.184	1.7485	0.8832	0.4228	1.0317	0.3598	1.0399	0.4887	0.5155	0.6406	0.168	0.3373	0.0676	0.8721	0.9368	0.4343	0.493	-0.0161	0.6266	0.2134	-0.2101	-0.2344	-0.5711	-0.9567	-1.0828	-0.7945	-0.4262	0.7623	1.565
-136.7188	1.9176	1.5813	2.0943	1.2748	0.5999	1.1501	0.3092	0.8898	0.2305	0.3773	0.4894	0.1716	0.5333	0.3588	1.3773	1.3604	0.8325	0.8984	0.4266	1.0649	0.604	0.1442	0.1972	-0.3878	-0.7181	-0.8715	-0.747	-0.3169	1.021	1.8392
-132.8125	2.252	1.8932	2.3686	1.6016	0.7125	1.2101	0.1822	0.6453	-0.0526	0.1613	0.2696	0.1408	0.6241	0.5804	1.8743	1.7319	1.1812	1.2859	0.8337	1.4461	0.9448	0.4678	0.5802	-0.1954	-0.4468	-0.6236	-0.6927	-0.2153	1.2735	2.0452
-128.9062	2.4921	2.0865	2.5462	1.8237	0.7516	1.2059	0.002	0.3427	-0.3308	-0.1002	0.0133	0.0872	0.6137	0.7137	2.3189	2.0099	1.4483	1.622	1.1616	1.7272	1.1973	0.7274	0.8821	-0.0044	-0.1618	-0.3555	-0.6244	-0.1249	1.5034	2.1674
-125	2.6118	2.1432	2.6118	1.913	0.7157	1.1369	-0.2037	0.0255	-0.5781	-0.3724	-0.2462	0.0227	0.5167	0.7495	2.6641	2.1605	1.6084	1.8752	1.3746	1.8748	1.3318	0.8964	1.0815	0.1726	0.1127	-0.088	-0.5386	-0.0493	1.6857	2.1969
-121.0938	2.5961	2.0622	2.5607	1.8581	0.6113	1.0075	-0.4061	-0.2622	-0.7754	-0.6226	-0.4785	-0.0429	0.3549	0.6896	2.8672	2.163	1.6462	2.0177	1.4498	1.8709	1.3329	0.9578	1.1676	0.3206	0.3494	0.1542	-0.437	0.007	1.7914	2.1318
-117.1875	2.4423	1.8592	2.3983	1.6661	0.4518	0.8268	-0.5797	-0.4819	-0.9113	-0.8245	-0.6599	-0.1043	0.1537	0.5459	2.8981	2.0143	1.5582	2.0291	1.3798	1.7154	1.2022	0.9051	1.1386	0.4235	0.5209	0.3456	-0.3276	0.0386	1.794	1.9769
-113.2812	2.1615	1.5626	2.1373	1.3614	0.2564	0.6082	-0.7045	-0.6061	-0.9818	-0.9602	-0.7746	-0.1604	-0.0604	0.3402	2.7452	1.7301	1.3541	1.9002	1.1752	1.4273	0.9594	0.7446	1.0004	0.4677	0.6051	0.4633	-0.2222	0.0401	1.6769	1.7437
-109.375	1.7772	1.2083	1.7954	0.9823	0.0485	0.3686	-0.7673	-0.6222	-0.9874	-1.02	-0.8147	-0.2129	-0.2622	0.1011	2.419	1.3426	1.0563	1.6366	0.8644	1.0415	0.6398	0.4952	0.7676	0.4462	0.5905	0.4937	-0.1324	0.0094	1.4393	1.4494
-105.4688	1.3229	0.8342	1.3932	0.5738	-0.1468	0.1282	-0.7612	-0.5326	-0.9306	-1.0014	-0.7799	-0.2632	-0.4292	-0.139	1.9512	0.8958	0.6976	1.2605	0.4902	0.6039	0.288	0.1876	0.4635	0.3618	0.4813	0.437	-0.0649	-0.0499	1.099	1.1159
-101.5625	0.8374	0.4748	0.9539	0.1815	-0.3052	-0.0914	-0.6852	-0.3531	-0.8146	-0.9074	-0.6753	-0.3102	-0.5424	-0.3478	1.3909	0.4381	0.3174	0.81	0.1045	0.1644	-0.0489	-0.1383	0.1204	0.2292	0.2982	0.3095	-0.0189	-0.1269	0.6902	0.7684
-97.6562	0.3604	0.1569	0.5027	-0.1556	-0.4062	-0.2693	-0.5425	-0.1081	-0.6422	-0.745	-0.5102	-0.3488	-0.5884	-0.4979	0.7971	0.0148	-0.0435	0.3346	-0.2401	-0.2304	-0.3295	-0.4396	-0.2237	0.0732	0.0749	0.1406	0.0143	-0.2043	0.258	0.4316
-93.75	-0.0736	-0.1025	0.066	-0.4104	-0.4352	-0.3882	-0.34	0.1742	-0.416	-0.5234	-0.2965	-0.3709	-0.561	-0.5701	0.2311	-0.3389	-0.3492	-0.112	-0.5001	-0.5443	-0.524	-0.6765	-0.5298	-0.0766	-0.1487	-0.0325	0.0478	-0.2624	-0.1498	0.126
-89.8438	-0.4403	-0.2975	-0.3301	-0.5705	-0.3865	-0.437	-0.0872	0.4671	-0.1409	-0.2537	-0.0484	-0.3678	-0.4619	-0.5569	-0.2539	-0.6024	-0.5746	-0.4814	-0.6496	-0.7561	-0.6189	-0.8214	-0.7656	-0.1918	-0.3351	-0.1743	0.0952	-0.2837	-0.4925	-0.1356
-85.9375	-0.7289	-0.4314	-0.6624	-0.6381	-0.2637	-0.4126	0.2038	0.7484	0.174	0.0512	0.2187	-0.3327	-0.3006	-0.4624	-0.6198	-0.7714	-0.7097	-0.7403	-0.6858	-0.8617	-0.617	-0.8641	-0.912	-0.2527	-0.4577	-0.2584	0.1647	-0.2579	-0.7442	-0.3501
-82.0312	-0.9415	-0.514	-0.913	-0.6273	-0.0793	-0.3207	0.5194	1.0023	0.5134	0.3769	0.4885	-0.2627	-0.0929	-0.3019	-0.8491	-0.8562	-0.7598	-0.8775	-0.628	-0.8719	-0.5348	-0.8141	-0.9665	-0.2514	-0.505	-0.2727	0.2569	-0.1835	-0.8992	-0.5225
-78.125	-1.0901	-0.5575	-1.0711	-0.5594	0.1468	-0.1747	0.8446	1.2192	0.8558	0.7075	0.7454	-0.1593	0.1425	-0.0978	-0.9453	-0.876	-0.7424	-0.9052	-0.511	-0.8079	-0.3976	-0.6967	-0.9412	-0.193	-0.4813	-0.2205	0.3647	-0.0681	-0.9711	-0.6619
-74.2188	-1.1903	-0.5728	-1.1348	-0.4578	0.39	0.0058	1.1628	1.3931	1.1748	1.0259	0.9751	-0.0273	0.3865	0.1246	-0.9304	-0.8534	-0.6806	-0.8542	-0.3747	-0.6954	-0.2336	-0.5448	-0.8571	-0.0922	-0.4019	-0.1171	0.476	0.0751	-0.9882	-0.7765
-70.3125	-1.2564	-0.5685	-1.1118	-0.3445	0.6237	0.1965	1.4556	1.5193	1.4417	1.3135	1.1653	0.1262	0.621	0.3403	-0.839	-0.8084	-0.5965	-0.7651	-0.2537	-0.5591	-0.069	-0.3909	-0.7375	0.0316	-0.287	0.0156	0.5781	0.2303	-0.9837	-0.8699
-66.4062	-1.2975	-0.5506	-1.0206	-0.2371	0.8217	0.3703	1.7019	1.5911	1.6288	1.5505	1.305	0.2919	0.8296	0.5273	-0.7111	-0.7556	-0.5067	-0.6767	-0.1702	-0.4204	0.0745	-0.2597	-0.6028	0.1582	-0.1554	0.1544	0.6606	0.3826	-0.9853	-0.9407
-62.5	-1.3166	-0.5234	-0.8881	-0.1485	0.9613	0.4997	1.8783	1.5995	1.7129	1.7161	1.3841	0.4579	0.9972	0.6685	-0.5843	-0.7033	-0.4203	-0.6171	-0.1313	-0.2955	0.1808	-0.1651	-0.4671	0.2707	-0.021	0.2796	0.7172	0.5189	-1.0067	-0.984
-58.5938	-1.3112	-0.4906	-0.7459	-0.0864	1.0257	0.561	1.9619	1.5346	1.679	1.7917	1.394	0.6094	1.111	0.7528	-0.4874	-0.6534	-0.3393	-0.5983	-0.1303	-0.195	0.2408	-0.1087	-0.3386	0.3572	0.1084	0.3765	0.746	0.6282	-1.0446	-0.9954
-54.6875	-1.2756	-0.4548	-0.6237	-0.0534	1.0075	0.5392	1.9347	1.3893	1.5237	1.7643	1.3291	0.7293	1.1617	0.776	-0.4365	-0.6037	-0.261	-0.6165	-0.1505	-0.1235	0.2524	-0.0824	-0.22	0.4119	0.2287	0.436	0.7492	0.7012	-1.0816	-0.9731
-50.7812	-1.2038	-0.4176	-0.5437	-0.0474	0.9103	0.4318	1.7889	1.164	1.2566	1.6307	1.1893	0.8007	1.1461	0.7417	-0.4341	-0.5489	-0.1808	-0.6567	-0.1711	-0.0796	0.2205	-0.071	-0.1107	0.4343	0.3366	0.4544	0.7311	0.7303	-1.0931	-0.9201
-46.875	-1.0922	-0.3787	-0.5155	-0.0626	0.749	0.2505	1.532	0.8692	0.9004	1.4007	0.9826	0.8107	1.0687	0.6601	-0.4707	-0.4841	-0.0957	-0.6993	-0.1733	-0.0576	0.1556	-0.0581	-0.0097	0.4284	0.4277	0.433	0.6977	0.711	-1.0567	-0.843
-42.9688	-0.9422	-0.3368	-0.5353	-0.0909	0.5475	0.0191	1.1875	0.5258	0.4875	1.0975	0.7257	0.7554	0.9421	0.5461	-0.5294	-0.4069	-0.0064	-0.7268	-0.146	-0.0492	0.0714	-0.0309	0.0818	0.4008	0.4957	0.3783	0.6561	0.6445	-0.96	-0.7512
-39.0625	-0.7616	-0.2903	-0.5876	-0.1237	0.3344	-0.2307	0.7932	0.1623	0.0556	0.7554	0.443	0.642	0.7865	0.416	-0.591	-0.32	0.0806	-0.7295	-0.0899	-0.0477	-0.0187	0.0145	0.1576	0.3591	0.534	0.3012	0.6138	0.5389	-0.8056	-0.6554
-35.1562	-0.5648	-0.2391	-0.6497	-0.1532	0.1382	-0.4651	0.3943	-0.1896	-0.3578	0.4142	0.163	0.4899	0.6257	0.2838	-0.6401	-0.2325	0.1526	-0.7076	-0.0191	-0.0504	-0.1049	0.07	0.2055	0.3094	0.538	0.2171	0.5782	0.4098	-0.6119	-0.5658
-31.25	-0.3713	-0.1855	-0.6978	-0.1735	-0.0178	-0.6543	0.0364	-0.5003	-0.7204	0.1133	-0.0856	0.3262	0.4829	0.158	-0.6704	-0.1596	0.1917	-0.6711	0.0399	-0.0613	-0.1838	0.1161	0.2084	0.2543	0.506	0.1422	0.5549	0.2782	-0.4097	-0.4914
-27.3438	-0.2032	-0.1347	-0.7129	-0.182	-0.1198	-0.7778	-0.2432	-0.7465	-1.0083	-0.1158	-0.2789	0.1803	0.376	0.0396	-0.6869	-0.1205	0.1772	-0.6378	0.053	-0.0909	-0.2593	0.1243	0.1474	0.1917	0.4402	0.0904	0.5462	0.1651	-0.2361	-0.4394
-23.4375	-0.0822	-0.0951	-0.6867	-0.1805	-0.1662	-0.8283	-0.422	-0.9141	-1.2077	-0.2544	-0.4011	0.0757	0.3134	-0.0786	-0.7065	-0.136	0.0889	-0.6305	-0.0148	-0.1553	-0.3426	0.0632	0.0057	0.1146	0.3452	0.0689	0.549	0.0869	-0.1269	-0.4154
-19.5312	-0.0276	-0.0781	-0.6242	-0.177	-0.1676	-0.8124	-0.4949	-0.9987	-1.3158	-0.2989	-0.4465	0.025	0.2928	-0.2094	-0.7541	-0.2256	-0.0896	-0.6737	-0.1923	-0.273	-0.4498	-0.095	-0.2273	0.0124	0.2258	0.0754	0.5545	0.05	-0.1102	-0.4228
-15.625	-0.0538	-0.0978	-0.5443	-0.1855	-0.1451	-0.7491	-0.4737	-1.0054	-1.3382	-0.2592	-0.4182	0.0272	0.3019	-0.3679	-0.857	-0.4047	-0.3677	-0.7896	-0.4946	-0.4613	-0.5984	-0.3668	-0.5521	-0.1251	0.0862	0.0986	0.5509	0.0505	-0.2015	-0.4635
-11.7188	-0.1691	-0.1688	-0.4748	-0.2247	-0.1249	-0.666	-0.3819	-0.9453	-1.287	-0.1542	-0.3264	0.0709	0.324	-0.5656	-1.0374	-0.6815	-0.7447	-0.9932	-0.9181	-0.7315	-0.8028	-0.7513	-0.9573	-0.3033	-0.0692	0.1223	0.5267	0.0769	-0.4015	-0.538
-7.8125	-0.3737	-0.3038	-0.4462	-0.3139	-0.1332	-0.5933	-0.2485	-0.8333	-1.1785	-0.0065	-0.1851	0.1394	0.3424	-0.8061	-1.3052	-1.054	-1.2078	-1.2878	-1.4399	-1.0849	-1.069	-1.2283	-1.4189	-0.5182	-0.2345	0.1314	0.4765	0.1148	-0.6953	-0.6446
-3.9062	-0.6583	-0.5094	-0.4832	-0.4675	-0.1898	-0.5575	-0.102	-0.6854	-1.0308	0.1631	-0.01	0.216	0.3464	-1.082	-1.6536	-1.5087	-1.7326	-1.6613	-2.0204	-1.5107	-1.3923	-1.7596	-1.9023	-0.7558	-0.4013	0.1166	0.4028	0.1524	-1.0543	-0.7798
0	-1.0035	-0.7827	-0.5973	-0.6896	-0.3045	-0.5763	0.0346	-0.5174	-0.8631	0.3378	0.1826	0.2889	0.3332	-1.3759	-2.0592	-2.0201	-2.2845	-2.0855	-2.6102	-1.985	-1.756	-2.2962	-2.3668	-0.993	-0.5589	0.0775	0.3166	0.1832	-1.4389	-0.9372
3.9062	-1.3811	-1.1095	-0.7835	-0.97	-0.4757	-0.6555	0.1449	-0.3445	-0.6951	0.5053	0.3759	0.3523	0.3084	-1.6625	-2.4848	-2.5528	-2.8223	-2.5183	-3.1578	-2.4743	-2.1339	-2.7861	-2.7713	-1.2032	-0.6956	0.0216	0.2341	0.2079	-1.8034	-1.1072
7.8125	-1.7568	-1.4647	-1.0204	-1.285	-0.6906	-0.7886	0.2199	-0.181	-0.5453	0.657	0.5535	0.4061	0.284	-1.9141	-2.8866	-3.0646	-3.3024	-2.9096	-3.6163	-2.9388	-2.4932	-3.1834	-3.0806	-1.3614	-0.8013	-0.0379	0.1727	0.2324	-2.1033	-1.2767
11.7188	-2.0943	-1.8159	-1.2752	-1.6007	-0.9288	-0.959	0.2569	-0.0402	-0.4297	0.7863	0.7	0.4544	0.2752	-2.1048	-3.2216	-3.5126	-3.684	-3.2097	-3.9488	-3.3389	-2.8002	-3.4547	-3.2701	-1.4495	-0.8694	-0.0864	0.1467	0.266	-2.3018	-1.4303
15.625	-2.361	-2.1294	-1.5116	-1.8806	-1.1666	-1.145	0.2578	0.067	-0.3595	0.888	0.8028	0.5029	0.2966	-2.2149	-3.455	-3.8591	-3.9349	-3.3786	-4.1327	-3.6413	-3.0252	-3.5841	-3.3305	-1.4608	-0.8985	-0.1119	0.1635	0.3182	-2.3765	-1.5521
19.5312	-2.5326	-2.3771	-1.6981	-2.0942	-1.382	-1.3257	0.2288	0.1335	-0.3385	0.959	0.8548	0.5581	0.3588	-2.234	-3.5659	-4.0781	-4.0374	-3.3942	-4.1624	-3.8249	-3.1477	-3.5743	-3.2687	-1.4007	-0.8931	-0.1082	0.2228	0.3956	-2.3229	-1.6286
23.4375	-2.5979	-2.5415	-1.8146	-2.2239	-1.5586	-1.4857	0.1785	0.1578	-0.3621	0.9982	0.8561	0.6264	0.4665	-2.162	-3.5493	-4.1594	-3.9912	-3.257	-4.0498	-3.8839	-3.1595	-3.4453	-3.1073	-1.2857	-0.8635	-0.0762	0.3163	0.5009	-2.1545	-1.6511
27.3438	-2.5593	-2.6184	-1.8553	-2.2673	-1.6875	-1.6177	0.1171	0.1446	-0.4171	1.0075	0.8151	0.7135	0.6167	-2.0091	-3.4147	-4.1096	-3.814	-2.9891	-3.8222	-3.8278	-3.0661	-3.2297	-2.8806	-1.1401	-0.8241	-0.0242	0.4295	0.6314	-1.8995	-1.6171
31.25	-2.4309	-2.6148	-1.8265	-2.2365	-1.7668	-1.7207	0.0542	0.1045	-0.485	0.9903	0.7461	0.8224	0.7989	-1.7942	-3.1817	-3.9496	-3.5377	-2.6298	-3.5174	-3.6777	-2.8855	-2.9664	-2.6287	-0.9916	-0.791	0.0336	0.5437	0.7782	-1.5944	-1.5302
35.1562	-2.2338	-2.5449	-1.7423	-2.1524	-1.8001	-1.7977	-0.0034	0.0515	-0.5462	0.9488	0.6649	0.9513	0.9952	-1.5428	-2.8748	-3.7091	-3.2021	-2.2274	-3.1772	-3.4618	-2.6449	-2.694	-2.3911	-0.8663	-0.7793	0.0789	0.6385	0.927	-1.2757	-1.3985
39.0625	-1.9915	-2.426	-1.6187	-2.0394	-1.7947	-1.8522	-0.0541	-0.0007	-0.5858	0.8822	0.5836	1.0908	1.1818	-1.2842	-2.518	-3.4214	-2.8476	-1.8302	-2.8407	-3.2098	-2.3768	-2.4457	-2.2003	-0.7854	-0.8001	0.0937	0.6941	1.059	-0.9726	-1.2315
42.9688	-1.7261	-2.2749	-1.4701	-1.9209	-1.7606	-1.8874	-0.1031	-0.0432	-0.5979	0.7842	0.5067	1.2236	1.3309	-1.0492	-2.132	-3.1181	-2.5095	-1.4777	-2.54	-2.9497	-2.1147	-2.247	-2.0783	-0.7626	-0.8583	0.0642	0.6948	1.1537	-0.702	-1.0384
46.875	-1.4564	-2.1079	-1.3085	-1.8166	-1.7111	-1.9065	-0.163	-0.0737	-0.5868	0.6436	0.4297	1.3264	1.4139	-0.867	-1.7342	-2.8278	-2.2147	-1.1956	-2.2988	-2.707	-1.8903	-2.1148	-2.0345	-0.8033	-0.9519	-0.0154	0.6306	1.1924	-0.4675	-0.8269
50.7812	-1.1987	-1.9419	-1.1447	-1.7425	-1.6635	-1.915	-0.2513	-0.0984	-0.565	0.4476	0.3416	1.3741	1.4054	-0.7627	-1.341	-2.5749	-1.9819	-0.9941	-2.1321	-2.5042	-1.73	-2.0584	-2.0666	-0.905	-1.072	-0.1397	0.4999	1.162	-0.2621	-0.6039
54.6875	-0.968	-1.7949	-0.9918	-1.711	-1.6377	-1.9215	-0.3872	-0.1288	-0.549	0.1864	0.2297	1.3462	1.2875	-0.7537	-0.9699	-2.38	-1.8214	-0.8704	-2.0467	-2.3607	-1.6532	-2.0797	-2.1632	-1.0586	-1.2047	-0.2916	0.3102	1.059	-0.0735	-0.3774
58.5938	-0.7791	-1.6861	-0.8662	-1.7311	-1.6548	-1.9383	-0.5861	-0.1788	-0.5526	-0.1418	0.0854	1.2325	1.0532	-0.8482	-0.641	-2.2601	-1.7371	-0.8137	-2.0423	-2.2915	-1.6695	-2.1742	-2.3072	-1.2495	-1.3335	-0.4448	0.0773	0.8906	0.1086	-0.1589
62.5	-0.6475	-1.6338	-0.7872	-1.8084	-1.7337	-1.9799	-0.8544	-0.2585	-0.5817	-0.5268	-0.0913	1.0366	0.7076	-1.0434	-0.3768	-2.2271	-1.7276	-0.8105	-2.1118	-2.3058	-1.7789	-2.3309	-2.4804	-1.4606	-1.4429	-0.5692	-0.1775	0.6749	0.2875	0.0361
66.4062	-0.5877	-1.6521	-0.7731	-1.9441	-1.8865	-2.061	-1.1857	-0.3701	-0.6309	-0.9455	-0.2893	0.7762	0.2674	-1.3266	-0.1991	-2.287	-1.7872	-0.8498	-2.2434	-2.4055	-1.9716	-2.5345	-2.6673	-1.675	-1.5215	-0.6385	-0.4318	0.4368	0.4572	0.1895
70.3125	-0.61	-1.7468	-0.8357	-2.1339	-2.1152	-2.1924	-1.559	-0.5056	-0.6843	-1.3634	-0.4884	0.4809	-0.2398	-1.6761	-0.1242	-2.4369	-1.9063	-0.9249	-2.4211	-2.5837	-2.2296	-2.7662	-2.8557	-1.8784	-1.5648	-0.6378	-0.6658	0.204	0.6035	0.284
74.2188	-0.7158	-1.9113	-0.9747	-2.3655	-2.4073	-2.3763	-1.9386	-0.647	-0.7193	-1.7386	-0.6618	0.1869	-0.7764	-2.0616	-0.156	-2.663	-2.0705	-1.0328	-2.6251	-2.8238	-2.5273	-3.0043	-3.0365	-2.0589	-1.5758	-0.5683	-0.8641	0.0023	0.7089	0.3086
78.125	-0.8921	-2.123	-1.1723	-2.6158	-2.7331	-2.6011	-2.2763	-0.7695	-0.7128	-2.0259	-0.7816	-0.0666	-1.2946	-2.444	-0.2803	-2.9381	-2.259	-1.1697	-2.8311	-3.0985	-2.8312	-3.2237	-3.1999	-2.2048	-1.5635	-0.4491	-1.0147	-0.1475	0.7585	0.2639
82.0312	-1.1085	-2.3419	-1.391	-2.8492	-3.0451	-2.8367	-2.516	-0.8462	-0.6477	-2.1815	-0.822	-0.2414	-1.7353	-2.7745	-0.4628	-3.2206	-2.4428	-1.3256	-3.0086	-3.3688	-3.0991	-3.3943	-3.3309	-2.3011	-1.5404	-0.3127	-1.1064	-0.2305	0.7469	0.1667
85.9375	-1.3159	-2.5123	-1.5746	-3.0167	-3.2806	-3.0342	-2.6001	-0.8537	-0.5177	-2.1666	-0.7632	-0.3035	-2.0292	-2.9947	-0.6505	-3.455	-2.5831	-1.4791	-3.1198	-3.5841	-3.2793	-3.4788	-3.4056	-2.3261	-1.5178	-0.1983	-1.1251	-0.2372	0.684	0.0519
89.8438	-1.4502	-2.5678	-1.6547	-3.06	-3.368	-3.1307	-2.4778	-0.7773	-0.3311	-1.9529	-0.5935	-0.2256	-2.1017	-3.0396	-0.7763	-3.5752	-2.6314	-1.5931	-3.1193	-3.6835	-3.3124	-3.4332	-3.3884	-2.2499	-1.5014	-0.1414	-1.0522	-0.1616	0.5986	-0.0291
93.75	-1.4411	-2.441	-1.5615	-2.919	-3.2387	-3.0596	-2.1148	-0.6155	-0.1103	-1.5275	-0.3121	0.0085	-1.883	-2.8454	-0.7685	-3.5111	-2.5325	-1.6155	-2.9566	-3.6015	-3.1364	-3.2102	-3.2344	-2.0378	-1.4891	-0.165	-0.8665	-0.0005	0.5387	-0.0165
97.6562	-1.2245	-2.0757	-1.2384	-2.5431	-2.8404	-2.7654	-1.5032	-0.3822	0.11	-0.8982	0.0694	0.4004	-1.3229	-2.3607	-0.561	-3.1995	-2.2317	-1.4856	-2.5833	-3.2773	-2.6969	-2.7661	-2.8962	-1.6576	-1.4701	-0.2751	-0.5496	0.2459	0.5657	0.1469
101.5625	-0.7565	-1.4401	-0.6568	-1.9044	-2.1505	-2.2182	-0.6673	-0.1059	0.2878	-0.0973	0.5261	0.9327	-0.4062	-1.56	-0.1054	-2.5971	-1.6856	-1.145	-1.962	-2.6679	-1.9598	-2.0721	-2.3347	-1.0896	-1.4281	-0.46	-0.0935	0.5715	0.744	0.5017
105.4688	-0.0248	-0.5361	0.1729	-1.0075	-1.186	-1.4254	0.3349	0.1748	0.3808	0.8183	1.0206	1.5675	0.8356	-0.4561	0.6187	-1.6926	-0.874	-0.5526	-1.0787	-1.7605	-0.9243	-1.1248	-1.5317	-0.3374	-1.3464	-0.6949	0.4912	0.9615	1.1255	1.0603
109.375	0.9446	0.5962	1.1984	0.1047	-0.0055	-0.4348	1.4162	0.418	0.3543	1.7707	1.5064	2.2482	2.3192	0.8939	1.597	-0.5153	0.19	0.3027	0.0481	-0.5827	0.369	0.045	-0.5007	0.5656	-1.2142	-0.9498	1.1704	1.389	1.7344	1.7999
113.2812	2.0871	1.88	2.3307	1.353	1.2954	0.6687	2.471	0.5869	0.1887	2.6702	1.9338	2.9056	3.9162	2.3893	2.7771	0.862	1.4537	1.3915	1.3608	0.7945	1.8359	1.369	0.7064	1.5552	-1.0318	-1.1966	1.8867	1.816	2.5547	2.6616
117.1875	3.3053	3.2095	3.4562	2.6292	2.5955	1.7745	3.3898	0.6566	-0.115	3.4267	2.2569	3.4672	5.4686	3.8953	4.0697	2.3279	2.8249	2.6409	2.7645	2.2602	3.3558	2.7454	2.0012	2.5431	-0.813	-1.4151	2.5653	2.1965	3.5255	3.5573
121.0938	4.4801	4.4619	4.4546	3.8106	3.7639	2.7627	4.0743	0.618	-0.5329	3.9616	2.4411	3.8689	6.8112	5.2598	5.3555	3.7444	4.1809	3.9389	4.1352	3.6754	4.785	4.0506	3.2673	3.4289	-0.5833	-1.595	3.1258	2.4839	4.5453	4.3813
125	5.4861	5.5127	5.2161	4.7758	4.6772	3.5218	4.4503	0.4779	-1.0225	4.2187	2.4674	4.0642	7.7966	6.3348	6.4975	4.9648	5.3829	5.1477	5.3359	4.8918	5.977	5.1557	4.3765	4.1172	-0.3749	-1.7344	3.4959	2.6393	5.4873	5.0265
128.9062	6.209	6.2514	5.6574	5.4222	5.236	3.966	4.4772	0.2554	-1.5293	4.1706	2.3341	4.0307	8.3174	6.9978	7.3584	5.8545	6.2962	6.1242	6.2353	5.7728	6.8027	5.9453	5.2083	4.5326	-0.218	-1.8354	3.6247	2.6382	6.2209	5.4018
132.8125	6.5621	6.5966	5.7322	5.6802	5.378	4.048	4.1516	-0.0229	-1.9977	3.8211	2.0553	3.7711	8.321	7.1704	7.8215	6.3111	6.8106	6.7436	6.7293	6.2148	7.1704	6.3357	5.6695	4.6333	-0.1337	-1.8994	3.4918	2.4751	6.6358	5.4468
136.7188	6.5001	6.5086	5.4369	5.5238	5.087	3.7655	3.5072	-0.3284	-2.3794	3.2031	1.6575	3.3108	7.8156	6.8301	7.8108	6.2804	6.8599	6.9226	6.7583	6.164	7.0399	6.289	5.7116	4.4177	-0.1267	-1.9234	3.1114	2.1635	6.663	5.1425
140.625	6.0264	5.9968	4.8099	4.9752	4.3963	3.1608	2.6096	-0.633	-2.6402	2.3742	1.1755	2.6925	6.8663	6.0144	7.3082	5.7669	6.4342	6.6364	6.3203	5.6268	6.4301	5.82	5.341	3.9247	-0.183	-1.8981	2.5296	1.7345	6.2881	4.515
144.5312	5.1938	5.1215	3.9251	4.1032	3.3853	2.3136	1.5494	-0.9113	-2.7618	1.4095	0.648	1.9696	5.5833	4.8149	6.3611	4.8347	5.5847	5.925	5.4728	4.6708	5.4171	4.9957	4.6209	3.2276	-0.2719	-1.8086	1.8169	1.2316	5.5535	3.6317
148.4375	4.0972	3.9871	2.8822	3.0139	2.1698	1.3284	0.4306	-1.1405	-2.7401	0.3928	0.1143	1.199	4.104	3.364	5.078	3.5994	4.4172	4.8871	4.3263	3.4157	4.1239	3.925	3.6617	2.4213	-0.3526	-1.6391	1.0557	0.7044	4.5502	2.5906
152.3438	2.8594	2.7268	1.7924	1.8348	0.8856	0.3186	-0.6415	-1.301	-2.5824	-0.5931	-0.3904	0.4335	2.5721	1.8147	3.6119	2.21	3.0754	3.6623	3.0256	2.0144	2.7007	2.7414	2.6018	1.6066	-0.3836	-1.3776	0.3274	0.201	3.4013	1.5042
156.25	1.6129	1.4822	0.7626	0.6955	-0.3316	-0.6108	-1.5743	-1.3782	-2.304	-1.4758	-0.8377	-0.2829	1.1185	0.317	2.1343	0.8253	1.7169	2.4057	1.7263	0.6279	1.3016	1.5814	1.5824	0.8742	-0.3321	-1.0219	-0.3003	-0.2382	2.2404	0.4815
160.1562	0.4793	0.3804	-0.1204	-0.2928	-1.3666	-1.3784	-2.2992	-1.3638	-1.9259	-2.201	-1.2079	-0.9184	-0.1547	-1.0036	0.8054	-0.4113	0.4873	1.2608	0.5698	-0.6002	0.061	0.5644	0.7232	0.2929	-0.181	-0.5808	-0.7805	-0.5851	1.1909	-0.3889
164.0625	-0.4476	-0.4837	-0.8009	-1.0526	-2.1413	-1.9371	-2.7793	-1.2587	-1.4733	-2.7368	-1.49	-1.4523	-1.1834	-2.0615	-0.2504	-1.393	-0.5026	0.3358	-0.338	-1.566	-0.926	-0.2235	0.103	-0.098	0.069	-0.0735	-1.09	-0.8239	0.3477	-1.0499
167.9688	-1.1128	-1.0584	-1.2598	-1.5483	-2.623	-2.2763	-3.0108	-1.0727	-0.9735	-3.0734	-1.679	-1.8725	-1.942	-2.8181	-0.9618	-2.0625	-1.1911	-0.3102	-0.9396	-2.2181	-1.6136	-0.7372	-0.2481	-0.2885	0.4009	0.4745	-1.2261	-0.9491	-0.2342	-1.4801
171.875	-1.5028	-1.3365	-1.5116	-1.7851	-2.8247	-2.4175	-3.0184	-0.824	-0.4542	-3.2192	-1.7729	-2.1711	-2.438	-3.2794	-1.3147	-2.4144	-1.5692	-0.6703	-1.2287	-2.5589	-2.0059	-0.9726	-0.3461	-0.2929	0.7869	1.036	-1.2009	-0.9623	-0.5433	-1.6904
175.7812	-1.6401	-1.3499	-1.5955	-1.8012	-2.7955	-2.4039	-2.8456	-0.5366	0.0584	-3.194	-1.77	-2.3416	-2.7006	-3.485	-1.3468	-2.4878	-1.6735	-0.7816	-1.2432	-2.6355	-2.1469	-0.9596	-0.2412	-0.1408	1.1954	1.5871	-1.0333	-0.8688	-0.6093	-1.7146
179.6875	-1.5731	-1.1578	-1.5625	-1.6553	-2.6067	-2.2884	-2.5439	-0.2376	0.5399	-3.0211	-1.6679	-2.3771	-2.7673	-3.4927	-1.1322	-2.3516	-1.5717	-0.7093	-1.0507	-2.5226	-2.1047	-0.7509	-0.0008	0.1325	1.5987	2.1104	-0.7418	-0.6745	-0.4922	-1.5988
183.5938	-1.3622	-0.8332	-1.4638	-1.4137	-2.3348	-2.1224	-2.1618	0.0454	0.9681	-2.722	-1.4643	-2.2707	-2.6723	-3.3619	-0.763	-2.0875	-1.3437	-0.5282	-0.7324	-2.3034	-1.9528	-0.409	0.3077	0.4955	1.9785	2.5975	-0.3408	-0.3843	-0.2679	-1.3916
187.5	-1.0675	-0.4497	-1.3417	-1.1376	-2.0463	-1.9481	-1.7368	0.2876	1.323	-2.3124	-1.1593	-2.0172	-2.4378	-3.1399	-0.3288	-1.7725	-1.0648	-0.3052	-0.3654	-2.0514	-1.7531	0.0062	0.6306	0.9252	2.3283	3.0491	0.1622	-0.0021	-0.0117	-1.137
191.4062	-0.7379	-0.07	-1.2234	-0.8746	-1.7864	-1.7933	-1.2912	0.4697	1.5879	-1.8021	-0.7576	-1.6158	-2.0714	-2.8534	0.1008	-1.4661	-0.791	-0.0871	-0.0098	-1.818	-1.5439	0.4468	0.9356	1.4094	2.6528	3.4718	0.7638	0.4685	0.2173	-0.8696
195.3125	-0.4048	0.2619	-1.1199	-0.6526	-1.5731	-1.669	-0.8308	0.5821	1.7524	-1.1971	-0.27	-1.0733	-1.5687	-2.507	0.4874	-1.2021	-0.5522	0.1057	0.2996	-1.6258	-1.3357	0.8834	1.2146	1.9448	2.9627	3.8748	1.461	1.0212	0.3868	-0.6131
199.2188	-0.0798	0.5245	-1.0275	-0.4783	-1.3983	-1.5704	-0.3488	0.6271	1.8155	-0.5038	0.2859	-0.4066	-0.9202	-2.0878	0.8271	-0.9878	-0.3507	0.2785	0.5553	-1.4702	-1.1134	1.3065	1.4804	2.5319	3.269	4.2638	2.2451	1.6436	0.4952	-0.3783
203.125	0.2418	0.7177	-0.9321	-0.3405	-1.2339	-1.48	0.1685	0.6193	1.7873	0.2657	0.885	0.3552	-0.1207	-1.5745	1.1451	-0.8087	-0.167	0.456	0.7744	-1.3266	-0.8457	1.7248	1.7599	3.1701	3.5782	4.638	3.0966	2.3139	0.5692	-0.164
207.0312	0.5739	0.8571	-0.8151	-0.2173	-1.0435	-1.3737	0.733	0.5821	1.6871	1.0888	1.4951	1.1696	0.8217	-0.9491	1.4825	-0.6382	0.0308	0.6717	0.9899	-1.1622	-0.4977	2.1595	2.0851	3.8526	3.8894	4.9882	3.9826	3.0003	0.6539	0.0399
210.9375	0.9301	0.9661	-0.6608	-0.0851	-0.7947	-1.2287	1.3468	0.5421	1.5395	1.9293	2.078	1.9835	1.8793	-0.2069	1.8803	-0.4492	0.2748	0.9567	1.2403	-0.948	-0.0445	2.636	2.4828	4.5637	4.1948	5.2985	4.8576	3.6626	0.7991	0.2479
214.8438	1.3151	1.0667	-0.4609	0.0727	-0.4701	-1.0296	1.9966	0.5222	1.3685	2.7397	2.594	2.7376	3.0038	0.6369	2.3625	-0.2246	0.5866	1.3302	1.5573	-0.6692	0.5186	3.1747	2.9669	5.2791	4.482	5.5499	5.6682	4.257	1.044	0.4731
218.75	1.7187	1.1726	-0.2176	0.2598	-0.0726	-0.7732	2.6533	0.5366	1.1932	3.4661	3.0071	3.3748	4.1304	1.5472	2.9254	0.0362	0.9697	1.794	1.9567	-0.3306	1.1725	3.7835	3.5337	5.9685	4.7373	5.7251	6.3611	4.7423	1.4044	0.7226
222.6562	2.1164	1.2856	0.0563	0.4659	0.375	-0.4684	3.2762	0.5888	1.0247	4.0587	3.292	3.8491	5.1874	2.4738	3.5354	0.3156	1.4069	2.3308	2.4331	0.0441	1.8766	4.4538	4.1614	6.6002	4.9477	5.8123	6.8931	5.0873	1.8658	0.9933
226.5625	2.4734	1.3966	0.3403	0.6699	0.8358	-0.1344	3.8219	0.6716	0.8674	4.4813	3.4398	4.134	6.1079	3.3606	4.1347	0.5827	1.8638	2.907	2.9606	0.4186	2.5785	5.1608	4.8141	7.1469	5.1031	5.8071	7.239	5.2761	2.3836	1.2726
230.4688	2.7537	1.4902	0.61	0.8473	1.2682	0.2036	4.2548	0.7718	0.7226	4.7209	3.4608	4.2282	6.8418	4.1564	4.6554	0.8009	2.2955	3.478	3.4985	0.7523	3.2244	5.8672	5.4481	7.5894	5.1963	5.7132	7.3968	5.311	2.8926	1.5399
234.375	2.9297	1.5514	0.8425	0.9774	1.6369	0.5195	4.5555	0.8746	0.5938	4.7915	3.3839	4.1559	7.3647	4.824	5.0363	0.9384	2.657	3.9954	4.0011	1.0116	3.771	6.5304	6.0195	7.9197	5.2239	5.5411	7.3879	5.2119	3.3225	1.7729
238.2812	2.9911	1.5714	1.0208	1.0502	1.92	0.79	4.7273	0.9693	0.4911	4.7339	3.2524	3.9635	7.6822	5.3461	5.2386	0.977	2.9134	4.4161	4.4278	1.1769	4.1937	7.1104	6.4924	8.1411	5.1868	5.3069	7.2535	5.0127	3.6148	1.9522
242.1875	2.9474	1.5508	1.1372	1.0692	2.1134	0.9995	4.7955	1.0531	0.4324	4.6087	3.1174	3.7106	7.8285	5.7269	5.2547	0.9166	3.0462	4.7094	4.7516	1.2469	4.49	7.5768	6.8439	8.2673	5.0915	5.03	7.0468	4.7553	3.7369	2.0659
246.0938	2.8248	1.4992	1.1934	1.0496	2.2294	1.1415	4.8033	1.1325	0.442	4.4865	3.0293	3.4603	7.8601	5.9885	5.1069	0.7741	3.0558	4.8619	4.9615	1.2366	4.6776	7.9132	7.0668	8.3187	4.9491	4.7312	6.8239	4.4835	3.6875	2.11
250	2.6574	1.4311	1.1985	1.0132	2.2919	1.2186	4.8021	1.2218	0.5455	4.4354	3.0301	3.2684	7.8443	6.164	4.8383	0.577	2.9571	4.8777	5.0611	1.1714	4.7872	8.1171	7.1675	8.3187	4.7749	4.431	6.6344	4.2358	3.4919	2.0864
253.9062	2.475	1.3596	1.1641	0.9802	2.3281	1.2412	4.8414	1.34	0.7643	4.51	3.1466	3.1752	7.8475	6.289	4.4978	0.3539	2.7731	4.7751	5.062	1.0779	4.854	8.1977	7.1615	8.2895	4.5862	4.1484	6.5146	4.0417	3.1903	1.9985
257.8125	2.2939	1.2909	1.0993	0.9633	2.3607	1.2233	4.9584	1.5058	1.1098	4.7423	3.3872	3.2011	7.9222	6.3935	4.1265	0.1262	2.5273	4.5795	4.9782	0.9769	4.9078	8.1707	7.0665	8.2492	4.3996	3.9001	6.4835	3.9195	2.8236	1.8474
261.7188	2.112	1.222	1.0073	0.963	2.4031	1.1791	5.171	1.732	1.5793	5.1375	3.7411	3.3463	8.0991	6.4966	3.7482	-0.0959	2.2389	4.3169	4.822	0.8784	4.9675	8.0547	6.8972	8.2098	4.2293	3.7	6.5428	3.8768	2.4214	1.6297
265.625	1.9123	1.1418	0.8836	0.969	2.457	1.1195	5.4752	2.0223	2.1548	5.674	4.1811	3.5933	8.3829	6.6051	3.3674	-0.3131	1.9211	4.0092	4.6034	0.7823	5.0384	7.868	6.6625	8.1776	4.085	3.5586	6.6796	3.9121	1.9963	1.3375
269.5312	1.6702	1.036	0.7182	0.9636	2.5144	1.051	5.8473	2.3688	2.8043	6.3078	4.669	3.9127	8.7541	6.7149	2.9733	-0.5326	1.583	3.671	4.3319	0.6814	5.1147	7.628	6.3663	8.1538	3.9709	3.4827	6.8714	4.0175	1.545	0.9617
273.4375	1.3637	0.892	0.5002	0.9278	2.5622	0.9754	6.2497	2.7534	3.4857	6.9804	5.1617	4.2686	9.1749	6.8157	2.5481	-0.7617	1.2323	3.3085	4.0197	0.5682	5.1838	7.3519	6.0122	8.1367	3.8853	3.4744	7.0915	4.1801	1.0537	0.4962
277.3438	0.9828	0.7051	0.2226	0.8483	2.5874	0.8928	6.6395	3.151	4.1524	7.6283	5.6171	4.6227	9.5977	6.8953	2.0772	-1.0026	0.8777	2.9212	3.6834	0.4394	5.232	7.0575	5.6082	8.1229	3.8218	3.5303	7.3128	4.383	0.5072	-0.0568
281.25	0.5336	0.4813	-0.1122	0.7226	2.5833	0.8047	6.9768	3.5354	4.7594	8.192	5.9995	4.9377	9.9746	6.9438	1.5562	-1.249	0.5301	2.5042	3.3442	0.3002	5.2496	6.7633	5.1697	8.1075	3.7702	3.6403	7.5103	4.6046	-0.103	-0.6828
285.1562	0.0389	0.2375	-0.4917	0.5619	2.5529	0.7167	7.2331	3.8856	5.2705	8.6256	6.2829	5.1803	10.2666	6.9575	0.9953	-1.4863	0.2027	2.0531	3.0257	0.1646	5.2349	6.4875	4.7199	8.085	3.7182	3.7876	7.6621	4.819	-0.7722	-1.3548
289.0625	-0.4674	-0.0008	-0.8939	0.3907	2.5108	0.6398	7.3964	4.1908	5.6634	8.9034	6.4553	5.3255	10.4507	6.9409	0.4186	-1.6923	-0.089	1.5688	2.7527	0.0543	5.1962	6.2475	4.287	8.0499	3.6533	3.9494	7.7511	4.9991	-1.4809	-2.0356
292.9688	-0.9475	-0.2045	-1.2927	0.2429	2.4815	0.5895	7.4739	4.4535	5.9341	9.0242	6.5213	5.3622	10.5254	6.9083	-0.1412	-1.8409	-0.328	1.0619	2.5483	-0.0045	5.1527	6.059	3.9002	7.9989	3.5663	4.1009	7.7678	5.1222	-2.1976	-2.6859
296.875	-1.3692	-0.3474	-1.6639	0.154	2.4948	0.583	7.4908	4.6874	6.0972	9.0121	6.5026	5.2983	10.511	6.8824	-0.6497	-1.907	-0.4976	0.5542	2.4321	0.0134	5.1311	5.9352	3.5859	7.9328	3.4533	4.2195	7.7129	5.1771	-2.8851	-3.2718
300.7812	-1.7127	-0.4115	-1.9909	0.1537	2.5788	0.6351	7.484	4.9131	6.1831	8.9111	6.4363	5.163	10.4467	6.8904	-1.0788	-1.8716	-0.5842	0.0767	2.4179	0.1275	5.1618	5.8858	3.3641	7.8584	3.3181	4.2901	7.5994	5.1687	-3.5088	-3.7737
304.6875	-1.974	-0.3909	-2.2674	0.2586	2.7533	0.7557	7.4954	5.1507	6.2302	8.7775	6.3674	5.0034	10.3829	6.9591	-1.4122	-1.7259	-0.5789	-0.3331	2.5119	0.3473	5.2719	5.9172	3.2476	7.7885	3.1724	4.3079	7.4518	5.1187	-4.0422	-4.1902
308.5938	-2.1636	-0.2914	-2.4974	0.4697	3.025	0.947	7.5626	5.4141	6.2758	8.668	6.3395	4.8743	10.3718	7.1093	-1.6478	-1.4729	-0.4789	-0.6376	2.7124	0.6713	5.4799	6.0317	3.2419	7.741	3.0342	4.2797	7.3043	5.0609	-4.471	-4.5378
312.5	-2.3011	-0.1274	-2.6907	0.7738	3.3872	1.2045	7.7123	5.7063	6.3473	8.6295	6.3843	4.8259	10.458	7.3525	-1.7956	-1.1261	-0.2867	-0.8047	3.0107	1.0877	5.7917	6.2285	3.346	7.7362	2.9253	4.2222	7.1945	5.0321	-4.7928	-4.8442
316.4062	-2.4078	0.0839	-2.8565	1.1498	3.8227	1.5188	7.9568	6.0195	6.4566	8.6907	6.5126	4.8901	10.6707	7.6895	-1.8736	-0.7052	-0.0086	-0.8136	3.393	1.5792	6.2008	6.5039	3.5533	7.794	2.8678	4.1582	7.1577	5.0622	-5.0136	-5.1387
320.3125	-2.4982	0.329	-2.9972	1.5764	4.3103	1.88	8.2934	6.3376	6.5986	8.8584	6.7117	5.0714	11.0207	8.1129	-1.9	-0.2297	0.3482	-0.659	3.8438	2.1279	6.6907	6.8529	3.8526	7.9309	2.8805	4.1122	7.2196	5.1664	-5.1447	-5.4412
324.2188	-2.5746	0.603	-3.1039	2.0402	4.8319	2.2813	8.7075	6.6407	6.7542	9.1183	6.9481	5.3457	11.4996	8.61	-1.8857	0.2865	0.7782	-0.3515	4.3498	2.721	7.2414	7.2696	4.231	8.1573	2.9765	4.1063	7.3921	5.3411	-5.1971	-5.7544
328.125	-2.6246	0.9121	-3.1558	2.539	5.377	2.7209	9.1774	6.911	6.8976	9.4402	7.1762	5.6656	12.0835	9.1669	-1.83	0.839	1.2783	0.0843	4.9017	3.354	7.835	7.7486	4.6754	8.4759	3.1605	4.1553	7.6702	5.5649	-5.1797	-6.0615
332.0312	-2.6243	1.2719	-3.1253	3.0818	5.9446	3.2016	9.6798	7.1374	7.0032	9.787	7.3509	5.9736	12.7387	9.7707	-1.7209	1.4326	1.8466	0.6136	5.4946	4.0306	8.46	8.2852	5.1749	8.8809	3.4273	4.2642	8.0334	5.8046	-5.0987	-6.3309
335.9375	-2.5453	1.7027	-2.9843	3.6831	6.5412	3.7275	10.1941	7.3179	7.0529	10.1237	7.44	6.2171	13.4283	10.4106	-1.5413	2.0768	2.479	1.1978	6.1262	4.7585	9.1118	8.874	5.7216	9.3583	3.7611	4.4262	8.4504	6.024	-4.9591	-6.526
339.8438	-2.3627	2.2229	-2.7121	4.3565	7.1754	4.301	10.7057	7.4596	7.0402	10.4264	7.4337	6.3622	14.1188	11.077	-1.2764	2.7805	3.1664	1.8006	6.7941	5.5442	9.7908	9.5083	6.3095	9.888	4.1365	4.623	8.8852	6.193	-4.7671	-6.6149
343.75	-2.0622	2.8432	-2.2998	5.1068	7.8536	4.9193	11.2067	7.5771	6.971	10.6868	7.3471	6.4022	14.7852	11.7613	-0.9214	3.5463	3.8932	2.3944	7.4935	6.3874	10.4982	10.1793	6.9327	10.4469	4.5215	4.8288	9.3056	6.295	-4.5318	-6.5784
347.6562	-1.6438	3.5621	-1.7534	5.9271	8.5759	5.5738	11.696	7.6884	6.8617	10.9133	7.2176	6.3581	15.4142	12.4545	-0.4851	4.3674	4.6383	2.9634	8.2162	7.2782	11.2325	10.8762	7.5831	11.0128	4.8824	5.0149	9.6895	6.3312	-4.2646	-6.4124
351.5625	-1.1234	4.3647	-1.0936	6.7972	9.3341	6.2494	12.1763	7.8108	6.7345	11.1272	7.0957	6.273	16.0039	13.1476	0.0094	5.2261	5.3772	3.5031	8.9507	8.1963	11.9876	11.5866	8.2491	11.5682	5.1901	5.1569	10.0291	6.32	-3.9776	-6.1274
355.4688	-0.5307	5.2226	-0.3546	7.6865	10.1119	6.9258	12.6509	7.9561	6.612	11.3547	7.0326	6.2	16.5621	13.8319	0.5285	6.0949	6.0848	4.0171	9.683	9.1131	12.7521	12.2977	8.9158	12.1025	5.4265	5.2405	10.3309	6.2924	-3.6816	-5.7446
359.375	0.0943	6.0973	0.4204	8.5583	10.8861	7.5789	13.12	8.1274	6.5117	11.619	7.0674	6.1889	17.1008	14.4991	1.0332	6.9391	6.7378	4.5121	10.397	9.9952	13.5098	12.9965	9.5658	12.6121	5.5868	5.2648	10.6117	6.2839	-3.3849	-5.2922
363.2812	0.7068	6.9439	1.1839	9.3743	11.6293	8.1837	13.5778	8.3181	6.4434	11.9319	7.2182	6.2732	17.6311	15.1412	1.486	7.7199	7.3155	4.9926	11.0751	10.8076	14.2415	13.6698	10.1821	13.098	5.6798	5.2419	10.8909	6.3245	-3.0928	-4.8017
367.1875	1.2631	7.7166	1.8897	10.0986	12.3121	8.717	14.0122	8.5143	6.4088	12.2901	7.478	6.4632	18.1581	15.75	1.8567	8.3989	7.8014	5.4572	11.6989	11.5176	14.9264	14.3037	10.7494	13.562	5.7238	5.1925	11.1832	6.4307	-2.808	-4.3053
371.0938	1.7251	8.3738	2.4979	10.7009	12.9078	9.1598	14.4063	8.6985	6.4037	12.6748	7.8172	6.7444	18.6779	16.3168	2.126	8.9423	8.1836	5.8974	12.2499	12.0978	15.5441	14.8838	11.2564	14.0037	5.7413	5.1403	11.4922	6.6017	-2.5326	-3.8345
375	2.0639	8.8815	2.9768	11.1582	13.3941	9.5003	14.7416	8.8543	6.4213	13.0558	8.1906	7.0824	19.1764	16.8314	2.2877	9.3252	8.456	6.2985	12.712	12.5281	16.0754	15.3961	11.6957	14.4176	5.7539	5.1067	11.8088	6.8203	-2.2697	-3.4198
378.9062	2.2613	9.2161	3.3047	11.4549	13.7558	9.7342	15.0009	8.9697	6.4541	13.3976	8.548	7.4307	19.6312	17.2811	2.347	9.5344	8.6187	6.6426	13.0727	12.7971	16.5033	15.8273	12.0641	14.7927	5.7776	5.1065	12.1117	7.0576	-2.0253	-3.0895
382.8125	2.3101	9.3646	3.4696	11.5836	13.9847	9.8641	15.1712	9.0389	6.4953	13.6651	8.8426	7.7407	20.0136	17.6505	2.3178	9.5698	8.6786	6.9139	13.3252	12.9023	16.813	16.1667	12.3623	15.1127	5.8212	5.1452	12.3723	7.2793	-1.8084	-2.8674
386.7188	2.213	9.3246	3.4683	11.5437	14.078	9.8974	15.2434	9.0621	6.5382	13.8295	9.0393	7.9699	20.2922	17.9218	2.2186	9.4431	8.6477	7.102	13.4687	12.8493	16.9923	16.4066	12.594	15.3588	5.8856	5.2189	12.56	7.4533	-1.63	-2.7712
390.625	1.9814	9.1023	3.3057	11.3412	14.0372	9.843	15.2128	9.0425	6.5757	13.8718	9.1175	8.0885	20.437	18.0759	2.0683	9.1752	8.5411	7.2048	13.5069	12.6504	17.0315	16.5429	12.765	15.5126	5.9657	5.3167	12.6479	7.5551	-1.5007	-2.8106
394.5312	1.6324	8.7119	2.9929	10.9878	13.8659	9.7082	15.0777	8.985	6.5998	13.7842	9.0733	8.0821	20.4235	18.0947	1.8828	8.7916	8.3722	7.2283	13.446	12.3218	16.9248	16.5746	12.8815	15.5591	6.0524	5.4225	12.6183	7.5719	-1.4289	-2.986
398.4375	1.186	8.174	2.5459	10.5007	13.5698	9.4973	14.8393	8.8931	6.6029	13.5712	8.9169	7.952	20.2368	17.9646	1.6726	8.3178	8.1501	7.1841	13.2928	11.8816	16.6709	16.5036	12.9482	15.4905	6.1351	5.5198	12.4654	7.5036	-1.4189	-3.2883
402.3438	0.6639	7.5147	1.9846	9.9017	13.157	9.2121	14.5021	8.7687	6.5779	13.2476	8.6705	7.7132	19.8748	17.6799	1.4433	7.7759	7.877	7.0863	13.0536	11.3474	16.2748	16.3352	12.968	15.3076	6.204	5.5942	12.1971	7.3618	-1.4714	-3.6995
406.25	0.0879	6.7644	1.3322	9.2162	12.6394	8.8545	14.0754	8.6122	6.52	12.8366	8.3633	7.3907	19.3514	17.2464	1.1968	7.183	7.55	6.9475	12.7357	10.7363	15.7495	16.0799	12.9428	15.0222	6.252	5.6371	11.8347	7.1673	-1.5835	-4.194
410.1562	-0.5197	5.9561	0.6153	8.4714	12.034	8.4295	13.5747	8.4238	6.4266	12.3678	8.0286	7.0165	18.6963	16.683	0.9337	6.5523	7.164	6.7753	12.3489	10.0653	15.1168	15.7538	12.8745	14.6563	6.2751	5.6466	11.4113	6.9464	-1.75	-4.7402
414.0625	-1.1374	5.1232	-0.1361	7.695	11.3639	7.9482	13.0221	8.2053	6.2977	11.8734	7.6991	6.6255	17.9535	16.0225	0.6547	5.8941	6.7162	6.5706	11.907	9.3525	14.4071	15.3788	12.766	14.2398	6.2729	5.6272	10.9672	6.7273	-1.9634	-5.3033
417.9688	-1.7449	4.2975	-0.8891	6.9139	10.6581	7.4294	12.4462	7.9616	6.1353	11.3858	7.4037	6.2525	17.1765	15.3089	0.361	5.2194	6.2105	6.3271	11.4288	8.6192	13.6579	14.9801	12.622	13.807	6.2481	5.5879	10.545	6.5358	-2.2144	-5.8487
421.875	-2.3241	3.5082	-1.6097	6.1545	9.951	6.8987	11.8803	7.7019	5.9425	10.9347	7.1641	5.9284	16.4218	14.5937	0.0544	4.5416	5.6607	6.0358	10.9372	7.8912	12.9116	14.5844	12.4494	13.3919	6.2051	5.5397	10.1836	6.3934	-2.4914	-6.3456
425.7812	-2.8603	2.7809	-2.2648	5.4423	9.2795	6.3864	11.3584	7.4391	5.7244	10.544	6.9928	5.6777	15.7421	13.9295	-0.262	3.8793	5.0911	5.6895	10.4584	7.1984	12.2122	14.2167	12.2571	13.0246	6.1496	5.4937	9.9138	6.3154	-2.7808	-6.7709
429.6875	-3.342	2.1369	-2.826	4.8016	8.68	5.9233	10.9125	7.1892	5.4897	10.2312	6.8927	5.5159	15.1797	13.364	-0.5834	3.2558	4.5346	5.2897	10.0188	6.5735	11.6008	13.8981	12.0551	12.7273	6.0879	5.46	9.7542	6.3102	-3.0673	-7.1112
433.5938	-3.7626	1.5924	-3.273	4.2538	8.1838	5.5363	10.5678	6.9697	5.253	10.0055	6.8583	5.4484	14.7618	12.9339	-0.9026	2.6969	4.0272	4.8501	9.6425	6.047	11.1116	13.644	11.8542	12.5134	6.0262	5.4471	9.7094	6.379	-3.3354	-7.3648
437.5	-4.1211	1.1555	-3.5975	3.8137	7.8125	5.2432	10.3393	6.7965	5.0345	9.8677	6.878	5.4693	14.498	12.6597	-1.2108	2.2269	3.6013	4.3969	9.3472	5.6422	10.7667	13.4627	11.6652	12.386	5.9696	5.4607	9.7698	6.5152	-3.5716	-7.5417
441.4062	-4.4228	0.824	-3.8058	3.4866	7.5738	5.0493	10.2282	6.6804	4.8569	9.8097	6.9348	5.5613	14.3786	12.5429	-1.4985	1.8628	3.2793	3.9652	9.1416	5.3699	10.573	13.3547	11.4984	12.3381	5.9214	5.5033	9.9116	6.7037	-3.7654	-7.662
445.3125	-4.6788	0.5841	-3.9192	3.2653	7.459	4.9449	10.2202	6.6233	4.7399	9.8136	7.0084	5.6962	14.3765	12.5655	-1.7567	1.6098	3.0685	3.5929	9.0234	5.2238	10.5197	13.3127	11.3629	12.3539	5.8827	5.5719	10.0999	6.9199	-3.9107	-7.7523
449.2188	-4.9035	0.4113	-3.9706	3.1302	7.4435	4.908	10.287	6.6163	4.6936	9.8534	7.0752	5.8378	14.4494	12.6915	-1.9775	1.4587	2.9599	3.3135	8.979	5.181	10.5788	13.3214	11.265	12.4094	5.852	5.6583	10.2916	7.1317	-4.0051	-7.8395
453.125	-5.1101	0.2753	-3.9969	3.0522	7.4908	4.9083	10.3898	6.6404	4.7143	9.8974	7.1108	5.9466	14.5463	12.8724	-2.1558	1.3872	2.9309	3.1498	8.9858	5.2046	10.7085	13.3591	11.2069	12.4761	5.826	5.7491	10.4423	7.3024	-4.049	-7.944
457.0312	-5.3064	0.146	-4.0299	2.9989	7.5593	4.9149	10.4868	6.6701	4.7847	9.9133	7.0928	5.9868	14.6143	13.0542	-2.2882	1.3645	2.9512	3.1102	9.0164	5.251	10.8592	13.4007	11.1865	12.5245	5.8011	5.829	10.5128	7.3977	-4.0444	-8.0737
460.9375	-5.4912	0.0012	-4.0873	2.9417	7.6107	4.9037	10.5406	6.6791	4.8778	9.8739	7.0046	5.9326	14.6073	13.1862	-2.3731	1.3591	2.9902	3.1871	9.0442	5.2785	10.9815	13.4215	11.1977	12.5293	5.7746	5.884	10.4768	7.3918	-3.9931	-8.2196
464.8438	-5.654	-0.1682	-4.168	2.8624	7.6169	4.8617	10.5247	6.6455	4.9628	9.7617	6.8392	5.7735	14.4934	13.2291	-2.4096	1.345	3.0228	3.3591	9.0479	5.255	11.0343	13.4017	11.231	12.4733	5.7459	5.9046	10.3243	7.2741	-3.8961	-8.3565
468.75	-5.7773	-0.3564	-4.2528	2.7558	7.5639	4.7892	10.4264	6.5561	5.0119	9.5716	6.6005	5.5158	14.2584	13.1595	-2.3973	1.3066	3.0339	3.5952	9.0142	5.1631	10.9899	13.3287	11.2738	12.35	5.7164	5.8878	10.0637	7.0509	-3.7533	-8.4473
472.6562	-5.8413	-0.5454	-4.3103	2.629	7.4524	4.6966	10.2477	6.4076	5.0055	9.3108	6.3034	5.1817	13.9068	12.9717	-2.3354	1.24	3.0183	3.8607	8.938	5.0009	10.8372	13.1981	11.3102	12.1632	5.6877	5.8362	9.7176	6.7445	-3.5657	-8.4521
476.5625	-5.8294	-0.711	-4.3064	2.4966	7.2942	4.5993	10.0014	6.2064	4.9352	8.996	5.9704	4.804	13.4584	12.6753	-2.2235	1.1504	2.9792	4.1227	8.8206	4.779	10.5807	13.0128	11.3228	11.9245	5.6609	5.7569	9.318	6.3879	-3.3366	-8.3374
480.4688	-5.7332	-0.8308	-4.2141	2.3738	7.1065	4.5119	9.7067	5.9659	4.8045	8.6489	5.6276	4.4202	12.9425	12.2909	-2.0623	1.0484	2.9242	4.3546	8.6668	4.5158	10.2366	12.7811	11.2951	11.6504	5.6355	5.6586	8.8991	6.0186	-3.074	-8.0847
484.375	-5.5565	-0.8918	-4.0219	2.2701	6.9061	4.4426	9.385	5.7034	4.6268	8.2925	5.3003	4.0664	12.3921	11.8449	-1.8557	0.9444	2.8627	4.5397	8.4829	4.2316	9.8281	12.5145	11.2149	11.3584	5.6095	5.5499	8.4921	5.6718	-2.7898	-7.6962
488.2812	-5.3158	-0.8951	-3.7383	2.1851	6.7038	4.3904	9.0551	5.4363	4.4219	7.9468	5.0091	3.7722	11.8378	11.3653	-1.6118	0.8453	2.8025	4.6715	8.2746	3.9439	9.3807	12.2258	11.0785	11.0654	5.5811	5.439	8.1225	5.3764	-2.4986	-7.1961
492.1875	-5.0384	-0.856	-3.3913	2.1074	6.5021	4.3448	8.731	5.1788	4.2117	7.6266	4.768	3.5572	11.3043	10.8773	-1.3429	0.7529	2.7491	4.7536	8.0466	3.6652	8.9179	11.9277	10.8924	10.7859	5.5491	5.3336	7.8088	5.152	-2.2147	-6.6264
496.0938	-4.7579	-0.8012	-3.024	2.0171	6.2954	4.2883	8.4198	4.9396	4.0153	7.3401	4.5822	3.4289	10.8076	10.4011	-1.0656	0.6641	2.7052	4.7965	7.8032	3.4016	8.4586	11.6315	10.6729	10.531	5.5141	5.2414	7.5625	5.0077	-1.9496	-6.0397
500	-4.5073	-0.762	-2.6858	1.8911	6.0717	4.2006	8.1221	4.7203	3.8443	7.0882	4.448	3.3822	10.3542	9.95	-0.7979	0.5724	2.67	4.8137	7.5488	3.1533	8.0155	11.3463	10.4416	10.3077	5.4773	5.1691	7.3877	4.9412	-1.7106	-5.4887
503.9062	-4.3124	-0.7664	-2.4222	1.7096	5.8173	4.0645	7.8322	4.5166	3.7008	6.865	4.353	3.4002	9.9414	9.5297	-0.5566	0.4707	2.64	4.8176	7.2879	2.9166	7.5948	11.0785	10.2199	10.1176	5.4397	5.1216	7.2817	4.9397	-1.5012	-5.0152
507.8125	-4.1864	-0.8323	-2.2653	1.4619	5.5213	3.871	7.5411	4.32	3.5767	6.6594	4.2787	3.4577	9.5596	9.1382	-0.3543	0.3533	2.6087	4.8164	7.0244	2.6851	7.1961	10.8305	10.0243	9.9573	5.4017	5.1012	7.2344	4.9824	-1.3214	-4.6425
511.7188	-4.1283	-0.9628	-2.2271	1.1495	5.1791	3.6231	7.2392	4.1214	3.4568	6.458	4.2042	3.5256	9.1953	8.7673	-0.1982	0.2169	2.5675	4.8128	6.76	2.4519	6.8139	10.6001	9.8628	9.818	5.3629	5.107	7.2298	5.0441	-1.1704	-4.3732
515.625	-4.1253	-1.1463	-2.2977	0.7864	4.7954	3.3363	6.9194	3.9149	3.3238	6.2476	4.1115	3.576	8.8338	8.4044	-0.0913	0.0604	2.5056	4.8037	6.4925	2.2101	6.4384	10.3795	9.734	9.6872	5.3218	5.1344	7.2467	5.0991	-1.0477	-4.1913
519.5312	-4.159	-1.3595	-2.448	0.3965	4.3843	3.0359	6.5804	3.7005	3.1638	6.0187	3.9888	3.5859	8.4628	8.0349	-0.0342	-0.1171	2.4118	4.7815	6.2154	1.9535	6.0585	10.1557	9.6277	9.5493	5.2756	5.1756	7.2603	5.1255	-0.9548	-4.0709
523.4375	-4.2107	-1.5741	-2.6379	0.0092	3.967	2.7518	6.2273	3.4858	2.9714	5.7677	3.8336	3.5408	8.0743	7.6457	-0.0261	-0.3161	2.2763	4.7372	5.919	1.6776	5.6642	9.9119	9.5272	9.388	5.2208	5.2194	7.2455	5.1072	-0.8952	-3.9837
527.3438	-4.2667	-1.7633	-2.825	-0.3466	3.5679	2.5112	5.8715	3.2849	2.7524	5.4975	3.6529	3.4355	7.6663	7.2278	-0.0656	-0.5373	2.0933	4.6626	5.5939	1.3803	5.2502	9.6308	9.4114	9.1886	5.1519	5.2507	7.1795	5.0361	-0.8729	-3.9072
531.25	-4.3202	-1.9076	-2.9745	-0.6477	3.2098	2.3323	5.5285	3.1159	2.5245	5.2173	3.4609	3.2744	7.2424	6.7792	-0.1492	-0.7805	1.8628	4.5533	5.2347	1.0632	4.8174	9.2988	9.2593	8.9394	5.0619	5.2519	7.0446	4.9111	-0.8915	-3.8279
535.1562	-4.371	-1.9992	-3.0654	-0.8808	2.9092	2.2204	5.2149	2.9971	2.3147	4.9412	3.2763	3.0695	6.8112	6.3049	-0.2712	-1.0433	1.5912	4.4089	4.8425	0.7321	4.3738	8.9096	9.0534	8.6336	4.9412	5.2033	6.8305	4.7371	-0.9539	-3.7428
539.0625	-4.424	-2.0428	-3.0925	-1.0444	2.6736	2.1672	4.9453	2.9431	2.1542	4.6854	3.1185	2.8384	6.3837	5.8163	-0.4222	-1.3205	1.2912	4.2328	4.4262	0.396	3.9319	8.4663	8.7839	8.2699	4.779	5.087	6.5352	4.5234	-1.0616	-3.6571
542.9688	-4.4863	-2.0538	-3.0641	-1.1477	2.5006	2.1553	4.7299	2.962	2.0727	4.4653	3.0038	2.602	5.9714	5.3283	-0.5906	-1.6046	0.9787	4.0298	4.0014	0.0659	3.5064	7.9817	8.4517	7.8526	4.5653	4.8906	6.1649	4.2824	-1.2153	-3.581
546.875	-4.5647	-2.0534	-2.9962	-1.2079	2.3803	2.1642	4.5729	3.0533	2.0915	4.2927	2.9424	2.3813	5.5839	4.8569	-0.7637	-1.8868	0.6708	3.8051	3.5874	-0.2473	3.1101	7.4761	8.0694	7.3915	4.2949	4.6114	5.7339	4.0284	-1.4145	-3.5254
550.7812	-4.6625	-2.0628	-2.9054	-1.2453	2.2986	2.1773	4.4722	3.2076	2.2178	4.1728	2.9359	2.1945	5.2276	4.4159	-0.9298	-2.1587	0.3823	3.5647	3.2038	-0.5356	2.7516	6.9746	7.661	6.9011	3.9706	4.2595	5.2621	3.7766	-1.6564	-3.4972
554.6875	-4.7793	-2.0986	-2.8035	-1.2799	2.2401	2.1863	4.4202	3.4068	2.4413	4.1024	2.976	2.0541	4.9042	4.0149	-1.08	-2.4136	0.1236	3.315	2.8673	-0.795	2.4337	6.5031	7.2582	6.3997	3.6059	3.8577	4.7731	3.5409	-1.935	-3.4957
558.5938	-4.9106	-2.1697	-2.6953	-1.3288	2.1897	2.1907	4.4032	3.6253	2.7336	4.0693	3.0444	1.9631	4.6095	3.6563	-1.21	-2.6485	-0.1014	3.0642	2.5873	-1.0275	2.1533	6.0837	6.8956	5.9073	3.2246	3.4376	4.2908	3.3315	-2.2406	-3.5122
562.5	-5.0498	-2.2784	-2.5796	-1.4063	2.1326	2.1943	4.4022	3.8318	3.0513	4.0529	3.1149	1.9137	4.3327	3.3343	-1.3209	-2.8661	-0.2966	2.8204	2.3635	-1.2411	1.9002	5.7305	6.6027	5.4422	2.8566	3.0339	3.8352	3.1517	-2.5601	-3.5311
566.4062	-5.191	-2.4226	-2.4534	-1.5248	2.0522	2.198	4.3934	3.9924	3.3423	4.0266	3.157	1.8872	4.0568	3.0345	-1.4197	-3.0757	-0.4736	2.5908	2.1844	-1.4504	1.6587	5.4455	6.3972	5.0179	2.5327	2.6772	3.4195	2.9965	-2.8776	-3.5357
570.3125	-5.3302	-2.5997	-2.3178	-1.6962	1.9299	2.1941	4.3491	4.0752	3.5551	3.962	3.1414	1.8569	3.7605	2.7355	-1.5173	-3.2923	-0.6501	2.3793	2.0278	-1.6744	1.4082	5.2176	6.2803	4.6402	2.2777	2.388	3.0483	2.8524	-3.1767	-3.5133
574.2188	-5.4668	-2.8095	-2.1824	-1.9318	1.7453	2.164	4.2412	4.0549	3.6483	3.8333	3.0451	1.794	3.4216	2.4129	-1.6256	-3.5338	-0.8462	2.1869	1.8653	-1.9333	1.1269	5.0243	6.2352	4.3072	2.1055	2.1738	2.7185	2.7007	-3.4407	-3.4613
578.125	-5.6028	-3.0548	-2.067	-2.2413	1.4791	2.0793	4.0447	3.9172	3.5985	3.6225	2.8567	1.6745	3.0223	2.0456	-1.7533	-3.817	-1.0798	2.0117	1.6682	-2.2446	0.7963	4.8362	6.2307	4.0109	2.017	2.0297	2.422	2.523	-3.6536	-3.3904
582.0312	-5.7409	-3.3392	-1.9987	-2.6295	1.1174	1.9087	3.7425	3.661	3.4039	3.3235	2.5787	1.4864	2.5551	1.6212	-1.9021	-4.1519	-1.3613	1.8511	1.4147	-2.6175	0.4057	4.6244	6.2281	3.7409	2.0012	1.9419	2.1501	2.3074	-3.8008	-3.3232
585.9375	-5.8824	-3.6633	-2.0053	-3.0924	0.6573	1.6261	3.3291	3.298	3.0842	2.9433	2.2285	1.2345	2.0271	1.142	-2.0645	-4.5367	-1.6888	1.704	1.0971	-3.0486	-0.0429	4.369	6.1922	3.4891	2.039	1.8938	1.8983	2.0544	-3.87	-3.2894
589.8438	-6.0239	-4.0209	-2.1078	-3.6148	0.1108	1.2196	2.8141	2.8513	2.6748	2.5024	1.8352	0.9407	1.4621	0.6262	-2.2233	-4.9552	-2.0456	1.5738	0.7271	-3.5191	-0.5325	4.0657	6.1024	3.253	2.1082	1.871	1.6688	1.7789	-3.852	-3.3179
593.75	-6.1564	-4.3954	-2.313	-4.1682	-0.494	0.6966	2.2211	2.3502	2.219	2.0307	1.4347	0.6403	0.8989	0.1065	-2.3542	-5.3764	-2.4009	1.4686	0.3349	-3.9954	-1.0327	3.7286	5.9593	3.0372	2.1881	1.8639	1.471	1.5075	-3.742	-3.4274
597.6562	-6.2651	-4.7603	-2.6109	-4.7128	-1.1151	0.0859	1.5854	1.8269	1.7593	1.5625	1.0628	0.3727	0.3844	-0.3763	-2.4302	-5.7593	-2.7147	1.4009	-0.0354	-4.4337	-1.5045	3.3875	5.7842	2.8509	2.2626	1.867	1.3176	1.2715	-3.5406	-3.6206
601.5625	-6.3315	-5.081	-2.9747	-5.2018	-1.7018	-0.5657	0.9494	1.3118	1.3313	1.1307	0.7491	0.1728	-0.0352	-0.7813	-2.4282	-6.0596	-2.9457	1.3844	-0.3358	-4.7877	-1.9074	3.0799	5.6117	2.7046	2.3209	1.8765	1.2194	1.0977	-3.2553	-3.8807
605.4688	-6.3357	-5.3204	-3.3644	-5.5878	-2.2024	-1.1995	0.3576	0.8322	0.9602	0.7628	0.513	0.0635	-0.323	-1.0748	-2.3335	-6.2381	-3.0597	1.4304	-0.5257	-5.017	-2.2066	2.8415	5.4784	2.6065	2.3573	1.8885	1.182	1.0026	-2.9011	-4.1737
609.375	-6.2607	-5.4458	-3.7329	-5.8303	-2.5716	-1.7534	-0.1476	0.4117	0.661	0.4782	0.3632	0.0524	-0.4584	-1.2354	-2.1436	-6.2684	-3.0372	1.5436	-0.5803	-5.0949	-2.3787	2.6981	5.4127	2.5603	2.3708	1.8972	1.2027	0.989	-2.5007	-4.454
613.2812	-6.0959	-5.4361	-4.033	-5.9033	-2.7772	-2.1713	-0.5299	0.0706	0.4412	0.2889	0.2987	0.1323	-0.4394	-1.2563	-1.8697	-6.1424	-2.8778	1.7195	-0.4955	-5.0133	-2.4146	2.6605	5.4283	2.5645	2.3635	1.896	1.2711	1.0472	-2.0833	-4.674
617.1875	-5.8412	-5.288	-4.2241	-5.8007	-2.8051	-2.4113	-0.7616	-0.1735	0.3028	0.1993	0.3117	0.2852	-0.283	-1.1455	-1.5352	-5.8725	-2.6005	1.9423	-0.2884	-4.7848	-2.32	2.7232	5.5222	2.6123	2.3389	1.8779	1.3703	1.1577	-1.6819	-4.7941
621.0938	-5.5082	-5.0183	-4.2789	-5.5381	-2.661	-2.452	-0.8273	-0.3063	0.2452	0.2087	0.3899	0.4866	-0.021	-0.9231	-1.1728	-5.4903	-2.2419	2.1863	0.0065	-4.4406	-2.1137	2.8665	5.6758	2.6928	2.3003	1.8381	1.4794	1.2968	-1.3288	-4.7904
625	-5.1194	-4.662	-4.1869	-5.1515	-2.3696	-2.2956	-0.7255	-0.3184	0.2652	0.3111	0.519	0.7112	0.3053	-0.619	-0.8182	-5.0419	-1.8496	2.42	0.3434	-4.0255	-1.8239	3.0607	5.8607	2.792	2.2503	1.7747	1.5766	1.4407	-1.0506	-4.6593
628.9062	-4.7053	-4.266	-3.9565	-4.6912	-1.9709	-1.967	-0.4703	-0.2085	0.3578	0.496	0.6842	0.9367	0.6505	-0.2693	-0.504	-4.5801	-1.4744	2.6127	0.6729	-3.5904	-1.4845	3.2713	6.0436	2.8931	2.1897	1.6899	1.642	1.5699	-0.8629	-4.417
632.8125	-4.2988	-3.8808	-3.6126	-4.2139	-1.5144	-1.5101	-0.0913	0.015	0.5136	0.7475	0.8702	1.1449	0.9713	0.0875	-0.2535	-4.1562	-1.1625	2.7402	0.9485	-3.1845	-1.1306	3.4635	6.1927	2.9783	2.1182	1.5899	1.6589	1.6709	-0.767	-4.0941
636.7188	-3.9305	-3.5509	-3.1937	-3.7737	-1.0537	-0.9822	0.3676	0.3313	0.7178	1.0435	1.0612	1.3221	1.2302	0.4138	-0.077	-3.8123	-0.9482	2.7898	1.1332	-2.8483	-0.7956	3.6067	6.2825	3.0292	2.0346	1.4828	1.6154	1.7361	-0.7492	-3.7284
640.625	-3.6231	-3.3082	-2.745	-3.4152	-0.64	-0.4464	0.8522	0.7081	0.9476	1.3547	1.2401	1.4571	1.3987	0.6772	0.029	-3.5751	-0.8496	2.761	1.2036	-2.609	-0.5081	3.6778	6.2972	3.0288	1.937	1.3764	1.5042	1.7618	-0.7834	-3.3568
644.5312	-3.3887	-3.1674	-2.3115	-3.1679	-0.3165	0.0358	1.3036	1.104	1.1734	1.6465	1.3886	1.5401	1.4593	0.8529	0.08	-3.4544	-0.8672	2.6637	1.1525	-2.4783	-0.2899	3.6637	6.2318	2.9637	1.823	1.2757	1.3232	1.7465	-0.8358	-3.0076
648.4375	-3.2268	-3.1251	-1.9305	-3.0441	-0.1143	0.4127	1.6664	1.4734	1.3612	1.882	1.489	1.5629	1.4065	0.9272	0.0998	-3.4426	-0.9851	2.5153	0.9895	-2.4524	-0.1544	3.5624	6.0916	2.8254	1.6906	1.1804	1.0749	1.6888	-0.8719	-2.6949
652.3438	-3.1253	-3.1624	-1.6259	-3.0392	-0.0487	0.6487	1.8967	1.7734	1.4783	2.0281	1.5268	1.5201	1.2473	0.8986	0.1151	-3.5189	-1.1748	2.338	0.7388	-2.5152	-0.1061	3.3833	5.8907	2.6127	1.5378	1.0853	0.7675	1.5876	-0.8622	-2.4176
656.25	-3.0645	-3.2504	-1.4064	-3.1351	-0.1188	0.7285	1.9684	1.9697	1.5	2.0611	1.4942	1.4107	0.9994	0.7766	0.1497	-3.6548	-1.4007	2.1555	0.4353	-2.643	-0.1408	3.1447	5.6495	2.3319	1.3635	0.9812	0.415	1.4424	-0.7884	-2.1621
660.1562	-3.0234	-3.3581	-1.2684	-3.3051	-0.3101	0.6576	1.876	2.0412	1.4141	1.9709	1.3917	1.2398	0.6881	0.5789	0.2179	-3.8213	-1.6273	1.9894	0.1179	-2.8113	-0.2493	2.8709	5.3911	1.9967	1.1684	0.8585	0.0366	1.2556	-0.6468	-1.9097
664.0625	-2.9871	-3.4604	-1.2024	-3.5208	-0.5991	0.4577	1.6326	1.9808	1.2234	1.7621	1.2279	1.0188	0.3408	0.3259	0.3192	-3.9968	-1.8275	1.8547	-0.1788	-3.0018	-0.4214	2.586	5.1365	1.626	0.9552	0.711	-0.3443	1.0342	-0.4494	-1.6454
667.9688	-2.9531	-3.5458	-1.1994	-3.7592	-0.9605	0.1587	1.2649	1.795	0.9439	1.4523	1.0172	0.7647	-0.0198	0.0348	0.4353	-4.1734	-1.9898	1.7555	-0.4335	-3.2089	-0.6511	2.308	4.8991	1.2408	0.7298	0.539	-0.7034	0.7906	-0.2214	-1.3664
671.875	-2.9342	-3.6205	-1.2566	-4.0084	-1.374	-0.2102	0.8062	1.4997	0.601	1.0674	0.7763	0.4984	-0.3802	-0.2852	0.5313	-4.3588	-2.1222	1.6826	-0.6444	-3.4416	-0.9402	2.0432	4.6799	0.8608	0.5013	0.3515	-1.0181	0.5434	0.0029	-1.0872
675.7812	-2.9564	-3.7076	-1.3788	-4.2698	-1.8268	-0.627	0.2894	1.117	0.2237	0.6361	0.5214	0.2416	-0.7388	-0.6348	0.5615	-4.575	-2.2516	1.614	-0.8312	-3.7219	-1.2975	1.7846	4.4675	0.502	0.2816	0.1657	-1.2705	0.315	0.1853	-0.8388
679.6875	-3.0514	-3.8402	-1.5748	-4.5545	-2.3132	-1.0779	-0.2564	0.6728	-0.1601	0.1855	0.2654	0.0137	-1.1034	-1.0211	0.4798	-4.8499	-2.4159	1.5194	-1.0292	-4.076	-1.7349	1.5148	4.2423	0.1746	0.0835	0.0029	-1.4505	0.128	0.2895	-0.6631
683.5938	-3.2452	-4.0498	-1.8512	-4.876	-2.8292	-1.5548	-0.8068	0.1952	-0.5275	-0.2622	0.0169	-0.1715	-1.486	-1.4527	0.2514	-5.2065	-2.653	1.3683	-1.279	-4.5234	-2.2587	1.2124	3.9839	-0.1171	-0.0813	-0.1169	-1.5572	0.0002	0.2867	-0.6012
687.5	-3.5471	-4.3535	-2.2048	-5.2402	-3.3656	-2.049	-1.3408	-0.2863	-0.8618	-0.6903	-0.2194	-0.3085	-1.8957	-1.9305	-0.1345	-5.6508	-2.9865	1.1393	-1.6116	-5.0643	-2.8605	0.8624	3.6811	-0.3729	-0.2051	-0.1812	-1.5989	-0.0603	0.1618	-0.6814
691.4062	-3.9406	-4.7434	-2.6161	-5.6373	-3.9026	-2.5462	-1.8374	-0.7409	-1.1527	-1.086	-0.4418	-0.4011	-2.3312	-2.4419	-0.6571	-6.1632	-3.4143	0.8289	-2.0354	-5.6727	-3.5114	0.4649	3.3385	-0.5944	-0.2856	-0.1889	-1.5914	-0.058	-0.0814	-0.9087
695.3125	-4.3824	-5.1834	-3.0478	-6.0389	-4.4075	-3.0229	-2.2734	-1.1384	-1.3941	-1.4382	-0.6488	-0.4602	-2.7768	-2.9572	-1.2635	-6.6968	-3.9041	0.4563	-2.5286	-6.2951	-4.1606	0.0395	2.9794	-0.7817	-0.3262	-0.1518	-1.5541	-0.0094	-0.4176	-1.2603
699.2188	-4.808	-5.6143	-3.4483	-6.4015	-4.8378	-3.4476	-2.6236	-1.4512	-1.5823	-1.7339	-0.8365	-0.5004	-3.2014	-3.4323	-1.8764	-7.184	-4.3977	0.0613	-3.0412	-6.86	-4.7432	-0.3759	2.6408	-0.9316	-0.3353	-0.0923	-1.5062	0.061	-0.8017	-1.6865
703.125	-5.1448	-5.9673	-3.7613	-6.6764	-5.1487	-3.7847	-2.863	-1.6568	-1.7144	-1.9577	-0.997	-0.535	-3.564	-3.8171	-2.4097	-7.5513	-4.8232	-0.3035	-3.5063	-7.2926	-5.1927	-0.7338	2.3639	-1.0382	-0.3237	-0.0374	-1.4639	0.1271	-1.1753	-2.12
707.0312	-5.3287	-6.1806	-3.9376	-6.8219	-5.3038	-4.0017	-2.9721	-1.7412	-1.7876	-2.093	-1.1182	-0.5714	-3.8212	-4.0665	-2.7874	-7.7369	-5.1128	-0.584	-3.8563	-7.533	-5.4571	-0.9898	2.1821	-1.0946	-0.3031	-0.0131	-1.4379	0.1674	-1.4779	-2.4879
710.9375	-5.3192	-6.2152	-3.9476	-6.8145	-5.2844	-4.0767	-2.9419	-1.7015	-1.8	-2.1249	-1.1855	-0.6102	-3.9379	-4.1522	-2.9591	-7.7068	-5.2193	-0.7381	-4.0408	-7.5507	-5.5118	-1.1146	2.1109	-1.0967	-0.2835	-0.0378	-1.4332	0.1706	-1.6587	-2.7264
714.8438	-5.1083	-6.0641	-3.7886	-6.6551	-5.0954	-4.004	-2.778	-1.5467	-1.7515	-2.0451	-1.1864	-0.6447	-3.8962	-4.0706	-2.9109	-7.4636	-5.1275	-0.7441	-4.0381	-7.3527	-5.3669	-1.1029	2.1441	-1.0464	-0.2729	-0.1199	-1.4504	0.1361	-1.6865	-2.7913
718.75	-4.7213	-5.7527	-3.4858	-6.3693	-4.7667	-3.7976	-2.5021	-1.2972	-1.6452	-1.8557	-1.1135	-0.6639	-3.7016	-3.845	-2.6652	-7.0462	-4.8573	-0.6063	-3.86	-6.9818	-5.066	-0.9749	2.2561	-0.9541	-0.2768	-0.256	-1.4865	0.0736	-1.556	-2.6662
722.6562	-4.2102	-5.3322	-3.0867	-6.0015	-4.348	-3.4903	-2.1501	-0.9826	-1.4882	-1.5721	-0.9687	-0.6556	-3.3842	-3.5227	-2.2733	-6.5212	-4.459	-0.3534	-3.5483	-6.507	-4.6778	-0.7719	2.4087	-0.838	-0.2977	-0.4334	-1.5364	-0.0005	-1.288	-2.363
726.5625	-3.6418	-4.8673	-2.6504	-5.6071	-3.9013	-3.1287	-1.7678	-0.6379	-1.2914	-1.2233	-0.7642	-0.61	-2.9945	-3.1664	-1.8031	-5.9684	-4.0017	-0.0338	-3.1655	-6.0097	-4.2825	-0.5474	2.5599	-0.7216	-0.3365	-0.6329	-1.5933	-0.0682	-0.9264	-1.9199
730.4688	-3.0857	-4.4234	-2.2356	-5.2423	-3.4905	-2.7652	-1.4041	-0.2995	-1.0695	-0.8493	-0.5223	-0.5231	-2.5958	-2.8442	-1.3251	-5.4665	-3.5601	0.2926	-2.7834	-5.5683	-3.9577	-0.3565	2.6704	-0.6304	-0.3925	-0.834	-1.6491	-0.1146	-0.5314	-1.3939
734.375	-2.6039	-4.0566	-1.8904	-4.9564	-3.1724	-2.4496	-1.1044	-0.0015	-0.8399	-0.4952	-0.2724	-0.3983	-2.2523	-2.6175	-0.9012	-5.08	-3.2018	0.5641	-2.4708	-5.2467	-3.7652	-0.2468	2.7086	-0.587	-0.4655	-1.0183	-1.6955	-0.1315	-0.1708	-0.852
738.2812	-2.2437	-3.8067	-1.6459	-4.7861	-2.9889	-2.2209	-0.9035	0.2283	-0.6206	-0.2046	-0.0459	-0.2459	-2.0185	-2.532	-0.5776	-4.852	-2.9775	0.7266	-2.2843	-5.0865	-3.7429	-0.2522	2.6539	-0.607	-0.5557	-1.1727	-1.7236	-0.1182	0.0897	-0.3608
742.1875	-2.0354	-3.6955	-1.5144	-4.7525	-2.9624	-2.1034	-0.8211	0.3705	-0.4286	-0.0105	0.1301	-0.0802	-1.9289	-2.6108	-0.3823	-4.8011	-2.9161	0.7409	-2.2615	-5.1053	-3.9017	-0.3891	2.497	-0.696	-0.663	-1.289	-1.7246	-0.0799	0.1959	0.023
746.0938	-1.9919	-3.7279	-1.4924	-4.8614	-3.095	-2.1053	-0.8587	0.4164	-0.2764	0.07	0.2388	0.084	-1.9939	-2.8524	-0.3256	-4.9239	-3.0244	0.5873	-2.4182	-5.2981	-4.2273	-0.6569	2.2397	-0.8483	-0.786	-1.363	-1.6905	-0.0235	0.1139	0.2603
750	-2.1104	-3.8942	-1.5655	-5.1042	-3.3703	-2.2204	-1.0013	0.3681	-0.1714	0.039	0.2766	0.2351	-2.1988	-3.2333	-0.4031	-5.1994	-3.2898	0.267	-2.7496	-5.6428	-4.6861	-1.04	1.8927	-1.0481	-0.9205	-1.3927	-1.6157	0.0456	-0.1645	0.3334
753.9062	-2.3735	-4.1733	-1.7134	-5.4604	-3.7578	-2.432	-1.2215	0.2381	-0.1145	-0.0845	0.2533	0.3667	-2.5098	-3.7128	-0.5985	-5.5947	-3.685	-0.1988	-3.2323	-6.1047	-5.233	-1.5116	1.4746	-1.2728	-1.0585	-1.3771	-1.4991	0.1253	-0.6187	0.248
757.8125	-2.7512	-4.5363	-1.9147	-5.9005	-4.2187	-2.7163	-1.4853	0.047	-0.102	-0.2696	0.1879	0.4775	-2.881	-4.2415	-0.8858	-6.0701	-4.1723	-0.771	-3.8275	-6.6423	-5.8187	-2.0367	1.0104	-1.4961	-1.188	-1.3162	-1.3444	0.2168	-1.2012	0.0299
761.7188	-3.2026	-4.9498	-2.149	-6.3886	-4.7106	-3.0457	-1.7583	-0.179	-0.1261	-0.4805	0.1039	0.5704	-3.2635	-4.768	-1.2315	-6.5837	-4.7078	-1.3966	-4.4848	-7.2111	-6.3967	-2.5756	0.5304	-1.693	-1.2947	-1.2105	-1.161	0.3231	-1.8438	-0.2797
765.625	-3.6794	-5.3804	-2.3981	-6.8866	-5.193	-3.3923	-2.0106	-0.4111	-0.1766	-0.6832	0.023	0.6511	-3.6137	-5.2459	-1.5979	-7.096	-5.2459	-2.0136	-5.1466	-7.7687	-6.9282	-3.0873	0.0699	-1.8432	-1.3634	-1.0621	-0.9622	0.4462	-2.467	-0.6306
769.5312	-4.1302	-5.7993	-2.6463	-7.358	-5.63	-3.7313	-2.2191	-0.6201	-0.2412	-0.8508	-0.0375	0.726	-3.8985	-5.6389	-1.9468	-7.5737	-5.7433	-2.5572	-5.7538	-8.2789	-7.3859	-3.5334	-0.3337	-1.9346	-1.3824	-0.8755	-0.7634	0.5852	-2.9904	-0.9714
773.4375	-4.5073	-6.1857	-2.8814	-7.7728	-5.9939	-4.0438	-2.3697	-0.7797	-0.307	-0.9664	-0.0674	0.8011	-4.0997	-5.9238	-2.2451	-7.9935	-6.1647	-2.9679	-6.2535	-8.7159	-7.7561	-3.8825	-0.6447	-1.9648	-1.3454	-0.6581	-0.5801	0.7343	-3.344	-1.2565
777.3438	-4.7728	-6.529	-3.0946	-8.1111	-6.2674	-4.3192	-2.4569	-0.8691	-0.3618	-1.0245	-0.0636	0.8798	-4.2144	-6.0926	-2.4693	-8.3446	-6.4868	-3.1999	-6.6063	-9.0678	-8.0395	-4.1149	-0.8345	-1.9413	-1.2549	-0.4205	-0.4258	0.8827	-3.4781	-1.4524
781.25	-4.9051	-6.8293	-3.282	-8.3652	-6.4455	-4.5559	-2.484	-0.8758	-0.3963	-1.0297	-0.0293	0.9624	-4.2534	-6.1514	-2.6093	-8.6291	-6.7016	-3.2287	-6.7931	-9.3367	-8.2492	-4.2252	-0.8872	-1.8792	-1.1208	-0.176	-0.3104	1.0165	-3.37	-1.5408
785.1562	-4.9023	-7.0944	-3.4442	-8.5403	-6.5353	-4.7598	-2.4607	-0.7979	-0.4054	-0.9937	0.028	1.047	-4.2365	-6.1186	-2.669	-8.8595	-6.8168	-3.0567	-6.8183	-9.5372	-8.4069	-4.2234	-0.8042	-1.7971	-0.9582	0.0629	-0.2383	1.1227	-3.0279	-1.5206
789.0625	-4.7827	-7.3372	-3.5864	-8.6522	-6.5554	-4.9421	-2.4017	-0.6453	-0.3896	-0.932	0.099	1.1311	-4.1876	-6.0209	-2.6643	-9.055	-6.8539	-2.7133	-6.7086	-9.6913	-8.5375	-4.1329	-0.605	-1.712	-0.7824	0.2877	-0.207	1.1946	-2.4898	-1.4068
792.9688	-4.5815	-7.5718	-3.7168	-8.7247	-6.5322	-5.1152	-2.3239	-0.4391	-0.3543	-0.8598	0.175	1.2132	-4.1287	-5.8887	-2.6184	-9.2362	-6.8426	-2.2507	-6.5087	-9.8238	-8.6634	-3.9867	-0.325	-1.6351	-0.6052	0.497	-0.2063	1.235	-1.8176	-1.2276
796.875	-4.3439	-7.8098	-3.8447	-8.7846	-6.4957	-5.2898	-2.2437	-0.208	-0.3085	-0.7895	0.2493	1.2946	-4.0763	-5.7514	-2.5571	-9.4203	-6.8159	-1.7358	-6.2721	-9.9565	-8.8007	-3.8214	-0.0098	-1.5705	-0.4325	0.6962	-0.2205	1.2569	-1.0876	-1.0194
